sample_id,0,1,2,3,4,5,6,7,8,9,10,11,12,13,14,15,16,17,18,19,20,21,22,23,24,25,26,27,28,29,30,31,32,33,34,35,36,37,38,39,40,41,42,43,44,45,46,47,48,49,50,51,52,53,54,55,56,57,58,59,60,61,62,63,64,65,66,67,68,69,70,71,72,73,74,75,76,77,78,79,80,81,82,83,84,85,86,87,88,89,90,91,92,93,94,95,96,97,98,99,100,101,102,103,104,105,106,107,108,109,110,111,112,113,114,115,116,117,118,119,120,121,122,123,124,125,126,127
0,0.93564737,0.793469,0.56114805,-0.28970796,-0.76934993,-0.35193545,-0.28011948,0.3218663,-0.115778685,-0.35483372,-0.6066584,0.5997595,-0.21463028,0.28009975,0.5189337,-0.019057002,0.34295604,0.06508444,-0.69467276,0.2979554,0.4421348,-0.30447993,-0.102678426,-1.1991595,-0.14014156,-0.29831514,0.95752764,-0.10482577,-0.5652407,0.08393511,-0.87982976,-1.037031,-0.5989655,-0.06941327,-0.6267082,-0.13457379,-0.080208875,0.2780487,0.31160033,-0.66301906,-0.8468641,-0.1038511,-0.6326066,0.43621215,0.575839,0.12428204,-0.36255524,-0.37581795,0.1942829,-0.74910474,0.620041,0.9426995,0.21599492,0.7490514,0.12716211,0.6133428,0.06274337,-0.7732929,-0.2958149,0.49334982,0.009488594,0.28040236,0.17222175,0.43215722,0.7159267,0.316834,-0.391037,0.31063387,0.6050587,0.058957525,-0.7945552,-0.90547734,0.3623448,0.31180525,-0.3979048,-0.3415959,-0.43054494,-0.43382412,-0.1838004,-0.26143128,-0.4997705,-0.31029603,-0.68382144,-0.47025988,-0.035591405,0.8371778,0.40210006,-0.18896063,0.10418026,-0.66326076,0.29132238,-0.036800507,-0.6305778,0.54672,-0.21839319,0.38558123,-0.20057754,-0.05874304,0.2252366,-0.6212462,-0.15189703,-0.5743867,0.21437381,0.5565587,1.0642809,0.3818764,0.95496184,-0.6819369,-0.78451186,-0.6248381,-0.39056686,-0.31005013,-0.31026527,-0.069783874,0.3780114,0.26631388,-0.279285,0.76147723,1.0090557,-0.78253543,0.24858552,-0.043555167,0.40369585,0.8150618,0.04793395,0.7800179,0.19539218,0.11071045
1,0.7419523,1.2535179,-0.9145321,-0.28633013,-0.058945343,-0.5348481,0.13947995,0.14352627,-0.36242354,-0.25221273,0.31059918,0.020453349,-0.4886058,-0.71133465,0.4121092,0.12208115,0.3946553,-0.8632394,-0.28095597,-0.064685255,-0.5598813,0.2417069,0.38688865,-0.38867262,-0.6482532,-0.45896518,0.029840928,-0.6303821,0.57935375,-0.674974,-0.50141567,-0.5286813,0.7148945,0.08653948,-0.8272791,-0.68527865,-0.32587475,0.16729906,0.43971106,0.38427538,-0.27661273,0.39500436,0.056555882,0.28126028,0.52670294,0.51699,0.16383027,-0.07582871,0.063877404,-0.5476922,0.6549054,0.20311603,1.4669176,-0.3932699,0.67500395,0.45613945,0.19683047,-0.17972466,-0.43003485,1.544288,0.23866667,-0.042855807,0.66117907,0.051105525,0.733723,-0.29337692,-0.7784677,0.22942916,0.42434573,-0.8324894,-0.3585317,0.37011987,0.8103469,0.087268166,0.5111114,-1.1927133,-0.49024948,-0.87352043,0.15942168,0.66478467,0.387526,-0.0411179,-0.04723472,-0.5242456,-0.355612,0.09464888,-0.049205046,0.0770884,0.81737345,-1.050409,0.0015462306,0.4911706,-0.15134281,-0.7253269,0.82335985,1.0352991,0.5399885,0.18989405,1.4641798,-1.7064445,0.67563856,-0.38247073,-0.35496128,-0.6171985,0.80847174,-1.1541562,0.91529846,0.13911423,0.6193191,0.248621,-0.9715067,-0.21939667,0.24919063,-0.36705494,-0.27060106,-0.5462603,-0.4856789,0.36595455,0.4034805,0.12700279,0.034712322,0.45787388,0.3374088,0.4815796,-0.79526895,-0.41330913,0.17838524,0.29996318
2,1.3331256,0.010476846,-0.36033097,0.8394442,0.4962081,-0.8142299,0.5345165,-0.32137543,-0.48515022,-0.13311157,-0.862735,0.05717665,-0.010369142,-0.19543381,0.7108191,0.23926078,1.3131297,-0.22341825,-0.25299558,-0.49321324,-0.8208215,-0.24343108,0.2523819,-0.93143046,-0.16471149,-0.05647925,0.663462,-0.5870146,-0.14735046,-0.413318,0.20192958,0.1904101,0.49257272,-0.4183761,-0.16748798,0.37254602,0.42287284,-0.060403652,0.101481356,-1.0391375,-0.17432447,0.59662646,0.3771917,-0.19593784,0.49194616,-0.18108839,0.20211065,0.52243614,-0.33882412,0.14074238,1.1671509,0.20839289,0.032723792,-0.16521706,0.35859427,0.7323873,-0.35786626,0.5215538,-0.46227294,0.0777604,-0.35255465,-0.7226456,0.21123077,0.6069879,0.41010058,-0.4202488,-0.9526599,-0.71023315,0.723656,-0.043095894,-1.0357938,0.17661744,-0.2071069,0.6434516,-0.07380409,-1.3909185,-0.3857475,0.35669932,0.7736997,-0.118660815,-0.68301225,-0.8534468,-0.89967364,-0.27053344,-0.111887135,1.142617,0.66467154,-0.34687698,-0.048744883,-1.2008221,-0.45119134,0.15415469,0.38799432,-0.14118066,-0.53804696,0.80864125,0.68851936,-0.7180069,0.6029141,-0.885955,-0.14582863,-0.7423707,-0.06251926,-0.22066584,-0.09773485,-0.38343588,0.55326897,-0.3910558,0.030722184,-0.58472055,-0.44787538,0.052657347,0.5363616,0.0900773,0.5505815,0.2661135,-1.3046678,-0.2002304,0.6270568,-0.16561824,-0.5316846,-0.42615005,-0.62274164,-0.19142945,0.606694,-0.50826246,-0.5203703,0.61074
3,1.2955896,0.055028655,-0.34092182,-0.46131447,-0.6639198,0.023263363,0.5676032,-0.40638626,-1.0849619,0.020384278,0.34425062,0.722595,0.13549641,0.5164931,-0.1676561,0.017152593,0.30959857,-0.066447,-0.27321455,0.7224238,-1.0627148,-0.7706223,0.07593837,0.10384195,-0.23371568,-0.26695985,0.97392994,-0.33138394,-0.6667686,0.4371123,0.04876883,0.28464076,-0.062395327,0.25292844,-0.65168035,-0.13963094,0.4880606,0.37309465,0.3021332,0.0700211,-0.21105067,-0.61932427,-0.9640454,0.68371695,0.70651346,-0.25636682,0.23683405,0.04810383,0.7835629,-0.89777184,1.0058852,-0.47762147,0.26102448,0.44703913,0.22864377,1.0559845,-0.60747385,0.5930937,-0.7706659,0.63501775,0.8481696,-0.10910833,0.68926764,-0.42408508,0.39974502,0.69878376,-0.8936446,-0.6384375,0.6268169,-0.21460064,0.3612056,-0.0610598,0.25055334,-0.22713605,-0.23685189,-1.0692914,0.14178179,-0.55103415,0.39698547,0.21119443,1.0234197,-0.6320665,-0.5770904,0.5121659,0.25482658,0.1317179,0.3549034,0.6092019,0.21378304,0.03376676,0.27235183,0.1535762,-0.6959036,0.5935314,0.041455973,0.611487,0.6239973,-0.09888843,1.3689866,-0.41186514,-0.34408712,-0.5166722,-0.40085998,-0.7653417,1.2714664,-1.0406632,-0.41681692,-0.056791622,0.16345072,0.047256622,0.041784365,-0.62507117,0.9762854,0.73883,0.6173527,-0.47223166,-0.9070913,-0.123309806,0.78544486,-0.3340611,0.09404854,-0.040228892,-0.14568235,-0.14905877,-0.077823065,0.63236433,-0.7137046,-0.35336187
4,0.8289573,-0.3798272,-0.59440887,0.041811947,0.21103902,-0.23283593,0.018814102,-0.29134902,0.077085026,-0.5790521,0.87133235,-0.23369761,0.62733686,0.44508356,0.2948896,0.26859787,0.6573217,-0.12168598,-0.6829855,-0.38825375,-0.31975076,-0.44386464,0.17312373,-0.93745494,0.56548953,-0.5208404,1.1196413,0.19021896,0.09865995,0.030627385,-0.15065354,-0.5979104,-0.32555467,0.12399923,0.039310206,0.40459597,0.266041,-0.15142769,0.6112382,0.54814976,-0.41380757,0.089755476,0.13967896,0.5840731,-0.27021098,-0.4644554,0.4575229,-0.6801063,-0.07385138,-0.35402885,0.00066687993,0.05516042,0.74035156,0.6657555,0.04525156,0.294794,-1.0293908,-0.15900908,-0.22715014,0.32524255,-0.10172091,-0.07822042,0.6897189,0.5186705,0.16612679,-0.46836483,-0.69886684,-0.6980585,0.36388144,0.5004884,-0.5850322,-0.23198824,0.17654364,0.5286338,-0.6829145,-0.41883242,0.019871572,0.13071495,-0.38419518,0.15792508,0.5102036,-0.46916476,-0.9148845,-0.7470536,-0.07453176,0.12486963,-0.22427225,0.28508207,-0.2141664,-0.9074307,-0.10570192,0.3406303,-0.20375307,-0.17134745,0.10846184,-0.060368,-0.14123504,0.31134674,1.0127039,-0.40819618,0.6060472,-0.06310801,-0.6851578,-0.3440328,0.4065815,-0.5140486,-0.14170265,-0.35625267,-0.42973995,-0.23959723,-0.22336084,0.0055321,0.40204012,-0.064399995,-0.041135516,0.70407873,0.34261826,0.5748505,1.0506066,-0.40462255,-0.5212544,-0.2771765,-0.26170325,1.0555398,0.72637075,-0.06693054,-0.4394586,-0.5409022
5,1.2958053,0.12413602,-0.49070832,0.024884157,-0.36572284,0.11862446,-0.052644715,-0.64656943,0.55528814,0.28273687,-0.4317906,0.47746474,0.01838435,0.5599635,-0.059384927,-0.2978391,0.56463337,-0.8333279,-0.56530106,0.5398219,-0.11868529,-0.8637822,-0.02197376,-0.46158186,-0.11753325,-0.36011282,0.665771,0.60338473,0.36462882,-0.22644098,-0.8761195,0.29850286,-0.057554696,0.04270563,-0.3231646,-0.035346802,0.20603839,0.07555817,0.72858655,0.25165397,-0.27517435,0.33220103,-0.09346652,0.8334607,-0.11873593,-0.86245966,0.6853978,-0.41175446,0.20397584,0.09196977,-0.40870854,0.6653792,0.3599439,0.78135276,0.18924785,-0.13130786,-0.20597851,-0.18848123,-0.90495807,0.11198563,-0.42320138,-0.20681049,0.7443913,0.11137544,1.1117905,-0.71938217,-0.1508522,-0.20821401,-0.19636276,-0.5635608,0.25607464,-0.37229818,0.13092715,0.6560305,-0.33165118,-0.83036643,-1.0532213,0.037866615,-0.41013056,-0.18273719,-0.021984203,-0.2802804,0.06446234,0.016939964,0.16314764,-0.06331121,0.7248502,0.8316611,0.07508894,-1.1044257,-0.28023976,0.5804008,-0.10650837,-0.23573609,-0.3062972,0.09965233,0.3753711,-0.44379804,0.65490556,-0.88382566,0.019897837,-0.35108614,-0.30189413,0.7112017,-0.15079433,-0.51551765,0.8036539,0.3904602,-0.84191394,-0.5308576,0.47193137,-0.49932536,0.53616893,-0.25490862,0.5370699,0.33535892,-0.78345746,-0.15027939,0.66387403,0.14040934,-0.08084415,-0.6678778,0.33987138,0.15784802,0.012103523,-0.82657695,0.057090826,-0.7612201
6,0.95013094,-0.50621563,-0.84673256,0.012502533,-1.1256926,0.26670772,0.1661285,0.35777554,0.830438,-0.099038355,0.2135771,0.5473322,-0.85890853,0.24740772,1.2583697,-0.06669091,0.041226123,-0.94898325,-0.37668353,-0.3951869,-0.5683224,-0.13342799,-0.7274873,0.18072586,-0.41017267,-0.22864977,0.676754,-0.5017313,-0.46852815,0.19344847,-0.49292782,-0.15101863,0.35251552,0.4167827,-0.31488505,-0.40681797,0.6225692,-0.40093374,-0.5211644,0.44439176,0.07098032,-0.10194434,-0.35639474,0.36560848,-0.27692237,-0.60253775,-1.1528412,1.1341815,-0.23576173,-0.58803946,1.48549,-0.45071238,1.4254342,0.9591338,-0.29837173,0.82233113,0.6765359,0.94967157,-1.7622707,1.0593952,-0.3625493,0.44961524,-0.13849175,0.036237646,-0.1846365,-0.4109053,-0.10631942,0.20170572,0.92577744,0.41311878,-0.34009758,-0.19160676,0.120112754,1.2471781,0.19467571,-0.29832122,0.2422554,-0.3221152,0.23418047,0.10251246,0.329572,-1.3805189,-0.32537565,-0.077007756,0.5285916,0.15710586,0.355606,0.52328616,0.7094641,-0.8783647,0.7183759,0.7488932,-0.35202467,-0.47316593,-0.4175676,0.93882793,-0.24433573,0.16899972,1.1923709,-1.2989291,0.49158812,-0.6652921,-0.13761933,-0.057065897,0.8279152,0.006979593,0.81499094,-0.14995047,-0.5189641,0.2264893,0.33937475,-0.20664303,0.37003875,0.81968045,-0.049630843,0.047491297,-1.106748,0.105142325,-0.049859297,-0.186531,-0.05991724,-0.8580523,0.19155054,0.8466815,0.18598463,0.30528462,0.335118,0.49569684
7,0.84493697,-0.45527655,0.0133732995,0.13965896,-0.68015665,-0.0010913766,-0.13502505,0.09146902,0.52407074,0.2697438,0.117172815,-0.48170182,-0.15682359,1.4480697,0.12382652,-0.48575684,0.88907963,-0.94259906,0.06834468,-0.6054949,-0.11870729,0.17636642,0.13356586,0.09795625,-0.5002973,-0.759569,1.0955573,-0.61508596,-0.0033872523,-0.80825573,-0.6842098,-0.09557395,0.37891492,0.5625359,-0.6012113,-0.020991286,0.2024938,0.92411864,0.9752295,0.2639097,-0.5856063,0.71106505,-0.5764319,0.8893383,1.0049342,0.3363698,0.7428533,0.26823682,0.43294865,0.1317103,0.89751095,-0.2237692,0.256572,0.36264524,0.64162534,-0.32014436,0.6571793,0.017532127,-0.13270661,0.5548739,0.101634234,0.5398532,0.8489049,0.054626066,-0.4277915,0.2225101,-0.22872381,-0.36641458,-0.5768965,0.19744869,-0.5348514,-0.42319345,0.44931322,0.5154978,0.1501759,-0.97360253,-0.4512014,0.3791768,-0.8325279,-0.16516872,0.89664215,-0.4269598,-1.1905568,-0.08071933,0.29287717,0.41553798,0.34814355,-0.588962,-0.60543406,-0.98453736,-0.64029527,0.59274155,0.31109926,0.32440114,-0.6570066,0.39040685,-0.23158371,0.533606,0.64070624,-0.31251174,0.20740652,-0.7558092,0.4481948,0.59197927,1.1476048,-0.5961699,0.022254186,-0.10927444,0.13301702,-0.1552964,-0.20414041,0.31070206,-0.32348448,0.69012004,0.5787288,0.92291284,-0.45512566,-0.25627485,0.5716368,-0.5621057,-0.06575766,-0.17568836,0.65729797,0.21390615,-0.36662897,0.32035834,-0.29550722,-0.38089645
8,1.3331795,0.15695295,-0.7542476,-0.5399371,-0.46360195,-0.13874578,0.45137042,-0.0049395976,0.1356673,0.018290326,0.09631029,-0.04509176,-0.652165,0.41728982,0.5023315,0.6484679,0.57603437,-0.33968395,-0.45829058,0.7478491,0.06393206,0.48728523,0.88314605,0.20463032,-0.5113894,-0.44130695,0.39881182,-0.747933,0.041499306,-0.6050331,-0.20211878,-0.27387595,0.041587997,0.489158,-0.2222164,-0.14576821,0.437463,-0.44183743,0.8248794,0.15438733,-0.1471412,0.53128815,-0.4074237,0.6682377,-0.26828527,0.26379275,-0.45196348,-0.11466918,-0.78967804,-0.2571164,0.50819564,0.78953665,0.14428638,0.5188028,1.1650149,0.4349142,-0.26524585,-0.5882693,-0.50935227,0.50589097,-0.30389673,-0.15259749,0.54080915,-0.2733174,0.9935174,-0.26673135,-0.6858633,-0.1722242,0.39625221,0.21729961,-0.5032886,0.29606208,0.32643363,0.43788117,0.25755748,-0.36737275,-0.008534857,0.43858957,0.044906795,0.3821141,0.48032412,-0.7958974,-0.4552423,0.5359803,0.12568483,0.95787495,-0.08781692,0.71314377,0.18055645,-0.4881621,-0.4545539,-0.16612339,-0.75385815,0.121260084,-1.0445586,-0.505717,0.6609048,-0.15575221,0.67758924,-0.37278867,-0.5361366,0.3789819,-0.6186103,-0.01751025,0.8984144,0.5056197,0.22868252,-0.08136343,-0.7060049,0.41527364,-0.2845505,0.6177586,0.2579269,0.31892318,0.3033351,-0.67825913,-0.058893114,0.3239896,0.5607653,-1.0515307,-0.6706386,-0.54820126,-0.46761,-0.45936525,-0.27911472,0.71150076,-0.70278203,-0.59864503
9,1.1398971,0.51731277,-0.58122116,-0.33671632,0.58686525,0.17242898,0.068456076,-0.7378567,0.4767918,-1.2143086,0.52397645,-0.5895971,-0.31724113,0.8939069,0.2517219,0.50056976,-0.10322835,-0.0553546,0.4870308,0.37433594,-1.2200123,-0.2798496,-0.512083,-0.3301147,0.15365969,-0.06593169,0.68046594,-0.3147798,0.035119522,0.015478584,-0.74813366,-1.0621716,-1.0137742,-0.8915349,-0.6379958,0.47626564,0.3186517,0.34325203,-0.40793315,-0.399895,-0.548359,-0.12161298,0.11257037,0.12635416,0.30968142,-0.325224,-0.72914505,0.27066043,-0.29289955,-0.5626119,0.85379374,-0.14365748,0.14018552,-0.059335023,0.29036242,-0.033643283,-0.09052831,-0.24357632,-0.9233809,0.57235724,-1.0018293,0.40766358,0.39066666,0.15822811,0.0024231335,0.5564471,-0.5942806,0.17322542,-0.0923018,-0.36507148,0.3330618,0.28935948,0.41826653,0.70419145,-0.6799729,-1.5169673,-0.8590802,0.12185926,0.21120232,0.44388705,-0.119834736,-0.83105767,0.042054586,-0.26685458,-0.33037668,0.7255503,0.107301705,0.30520624,0.2851837,-0.7063849,-0.36801437,0.42057478,0.13564776,0.6970361,-0.19625944,0.34637734,0.2576547,0.8231688,0.790462,-0.947378,-0.37811816,-0.24642736,0.55844355,-0.12877314,0.48052695,-0.9418719,0.24904418,0.31982866,-0.0006164838,-0.9508313,-0.73683417,-0.07738675,0.5587013,0.65425694,-0.17946947,0.3082872,-0.06298608,-0.26368466,1.1253612,-0.92732257,0.59661984,-0.44893652,-0.35691857,-0.25760975,-0.6466981,-0.56100065,0.5082257,0.14625818
10,0.93274003,0.61517256,-0.8108527,0.07639312,-0.82287675,-0.2032169,-0.37402692,-0.055383142,-0.053964347,-0.21037361,-0.111175776,-0.61641675,-0.5276091,0.6566464,0.4212556,0.2258206,0.94059646,-0.22021806,0.064030804,0.27996588,-0.6626826,-0.43667156,-0.5396881,0.4134931,-0.09129371,-0.12195208,0.44911042,-0.10044939,-0.55164045,-0.21882614,-0.22683258,-0.9178854,0.6141746,-0.67515343,-1.1873944,-0.39425075,-0.24387826,0.13423522,0.93411005,-0.090461,0.109788,-0.038068365,-1.7134444,0.8900277,0.654203,0.95527583,-0.69451165,-0.287583,0.6345001,-0.47887418,0.06623505,-0.13222353,0.4759805,-0.22462842,0.7949652,0.83747864,0.6363925,0.91562414,-0.15577936,0.6972736,-0.13179661,-0.040793743,1.3505495,0.4158109,1.3500576,-0.7992643,-0.6284878,-0.871123,0.31744805,0.5176415,0.023726072,-0.62247556,0.47503418,0.46731964,-0.49077782,-0.8261759,-1.0144536,-0.60249573,-0.076244235,0.5141065,-0.2282285,-0.77798223,-0.715307,-0.06423414,-0.47764853,0.056579143,-0.18816863,0.40213084,1.4581031,-0.27118346,0.32958964,-0.365858,-1.0956358,0.5862927,-0.2647506,1.2814572,0.7326449,0.47964594,0.35356885,-0.47021762,0.10183003,-0.66207343,-0.5066596,0.666243,0.16624817,-0.653333,-0.09601862,0.94376457,0.9204768,0.47194237,-0.028025197,0.6325914,-0.04330935,-0.14060795,0.523978,0.5362375,-0.9026888,0.11000464,0.2460473,-0.550141,0.26565862,-0.321164,-0.6296879,-0.4477409,0.026327046,-0.5918293,-0.35156652,0.12980485
11,0.6381753,0.40623298,0.005230257,-0.3419733,-0.4906454,-0.50229824,-0.1803119,0.36241272,0.7262147,0.20708731,0.06914564,0.6309871,-0.59030074,-0.48061696,0.9342502,-0.32415348,0.68404824,-0.40430075,-0.65759486,-0.5966135,-0.19283591,-0.69938385,-0.2472309,-0.0008636806,-0.06619165,0.033312973,1.0574175,-0.016250575,0.3717953,-0.4511887,0.48860747,0.29644284,-0.4919153,0.38389286,-0.34980422,-0.06991761,0.2360494,0.552963,0.07582594,-0.46562245,-0.6532115,-0.106442995,-0.3224187,0.7900109,-1.123499,-0.2092502,0.8282791,-0.09470985,0.2320133,0.18325141,0.5716432,-0.15972257,0.6844129,0.2758941,0.35777614,-0.06654711,0.013430186,0.32932964,-1.0146395,0.27858615,-0.52830577,0.28533193,0.5853455,0.84736526,0.8229512,-0.6120741,-0.85863334,0.30015934,0.20967953,-0.04160751,-0.41771647,-0.6618416,1.0345654,0.34412122,-0.17397313,-0.85278016,-0.92217636,-0.45324284,0.11862557,0.534178,0.59355736,-0.834292,0.3279155,0.05509067,0.90446055,0.5375715,-0.50380445,0.38110566,-0.49468482,-0.20100929,0.18923467,-0.46524495,-0.46810046,0.5208928,-0.6316758,-0.06298572,0.33878627,0.22907199,0.7200902,-0.6053898,0.2381066,-0.7437119,-0.061804708,0.31627598,0.4009236,-0.1008417,-0.42203408,0.71615833,0.2158578,-0.5178493,-0.20727786,0.13048798,-0.42399243,0.40403795,0.19234592,-0.116479136,-0.14652947,0.10355861,1.3040233,-0.5780218,-0.28469267,0.19098233,-0.9623731,0.29766867,-0.3281694,0.3869675,-0.38437805,0.48023963
12,0.9048521,0.04131763,-0.51895136,0.2979887,-0.5468113,-0.1780915,0.10669354,-0.10156169,0.07685313,0.18658164,-0.1830781,0.041643128,-0.42870617,-0.41126814,1.0164721,-0.06379061,-0.22218418,-0.611709,0.3449872,-0.5542133,0.15055406,0.3047765,0.612587,-0.5818882,-0.26190433,-0.7378491,0.70739824,-0.07082462,0.37965772,-0.3501515,-0.8815686,-0.58846134,-0.27439126,-0.54672956,-0.37457433,0.5028827,0.09216226,0.67218703,-0.43979022,0.1090173,-0.39041373,0.76605344,-0.4184954,1.5323858,-0.6239572,0.28277266,-0.25311896,-0.69502413,-0.31061217,-0.0347866,0.98671484,0.535445,-0.0910758,0.5481292,0.648049,0.032381535,-0.15942131,-0.3626821,-1.2375699,-0.30398712,0.14513752,-0.22005573,0.8938749,-0.18038005,-0.0007469548,-0.41696087,-0.56276727,0.018905398,0.27002528,-0.26148838,0.27138072,0.15529884,-0.40046936,0.24934569,0.16968192,-0.9752027,0.18675366,-0.015281048,0.11237967,0.3421298,0.66744834,0.13201196,-0.30639958,-0.42378846,0.16463354,0.14734249,-0.43583658,0.3358264,-0.03310666,-0.039679974,0.3487628,0.5096436,0.104586646,0.33595327,0.26098353,0.8019784,-0.06513495,-0.21201889,1.0621481,-0.8841208,-0.32291412,-1.2204478,-0.9689989,-0.10456702,-0.1712284,-0.22794867,0.22675015,-0.1644006,0.6217136,-0.43020275,0.20494226,0.18376385,0.34699303,0.5557091,0.65329105,0.21175355,-0.8244515,0.1123649,0.5852028,-0.6556674,0.34980866,-0.04965127,-0.20982106,1.1688536,0.25258034,0.38205233,-0.7525821,-0.5894644
13,1.2014716,0.7254568,-0.32569295,0.2481472,-0.91517186,-0.35581344,-0.020634687,-0.6224661,0.43194664,-0.41642007,0.40822002,-0.25847107,-0.386012,0.8624542,1.1624203,0.3875433,-0.15401478,0.38392738,0.15944211,0.101611584,-0.041886404,-1.2304975,0.22354525,-0.20080152,-0.062290113,-0.7062536,1.1757765,-0.83850664,-0.295517,0.7290992,-0.9877944,0.07953997,0.26684803,0.7939643,-0.44840792,0.47442824,0.052246083,-0.28690353,0.12095342,-0.42652494,0.0131724775,0.6446897,-0.2277264,1.1297244,0.7547214,0.3537967,0.25092235,-0.52719957,-0.16345173,-0.7220104,0.075930625,0.6361351,0.7684875,-0.30812195,0.08070914,-0.038531814,-0.7445041,-0.34658802,-0.72545725,0.29726085,-0.44168937,-0.45981133,0.38593313,0.13937572,0.76768965,0.39934343,0.027171647,-0.061414618,-0.15567243,-0.8743667,0.46459052,0.42209825,-0.23359327,0.5828402,0.20485747,-0.71071714,-0.28983006,0.05585121,0.3516522,0.23760457,0.29880852,-0.29775256,-0.0034705887,-0.11948414,0.61272025,0.7956626,-0.7019994,0.20077758,0.39893097,-0.27855664,0.43002203,0.58642155,-0.21767269,0.34055284,-0.4006544,0.035577957,-0.5774921,0.24569681,0.47516948,-0.6599921,0.3536337,-0.48873657,0.20892891,-0.40629518,-0.22642054,-1.0669532,0.408108,-0.11572982,-0.6613564,0.08151429,-0.58033234,0.19520666,-0.39172503,-0.23850161,-0.061256815,0.543352,-0.4043948,-0.2810021,0.27697763,0.096886456,-0.71079564,-0.3767116,-0.15235628,0.55570793,0.3524744,0.56845593,-1.0082924,0.5656057
14,1.0327055,0.73438615,-0.08565692,0.15510671,-0.94241166,-0.3389738,0.250504,-0.2330923,0.08735504,-0.42096305,-0.7890197,0.41132435,0.12907332,1.0440053,0.27066392,0.7738425,1.22259,-0.51011145,0.15396594,-0.30421478,-1.2934293,-0.1542868,-0.09017036,-0.74994326,0.20608766,-0.70762736,-0.22154021,0.2933391,1.2375193,-0.19382958,0.025431449,0.7533696,0.5885415,0.48185122,-1.612292,0.34739026,1.0747589,-0.3298553,-0.5587747,-0.67815495,-0.1287255,-0.17247917,-1.2532468,0.033757128,-0.6058937,-0.2072097,0.7300316,0.17175703,-0.016578699,-0.059893057,0.34940076,0.34851408,0.88482463,-0.37613764,1.203006,-0.35518098,0.3483155,-0.068639405,-0.69440454,0.4583181,-0.13730296,0.04874891,0.19212484,-0.55906385,0.5938351,-0.5430357,0.18635881,-0.072567426,-0.38519645,0.54983336,0.8230783,-0.24506809,-0.05871497,-0.1018245,0.11699024,-0.7225725,-0.3509185,0.032508872,0.57702667,1.1495996,-0.06924945,-1.1030248,-1.0772557,-0.71636367,-0.113631584,0.7329531,-0.10432891,0.313894,0.061214227,-1.2434093,0.14489353,0.051491257,-0.89145434,0.4055005,-0.15115254,-0.100874245,0.08052808,0.1300786,0.5975757,-1.4771813,-0.5548023,-0.32206374,-0.24959013,-0.19426738,0.7045737,-0.82765317,-0.29222167,-0.44699025,-0.030009482,-0.3318884,-0.18767692,0.48980692,-0.046804033,-0.43782324,-0.38905966,0.55859673,-0.7880185,-0.16815968,0.027157046,-0.83067054,-0.15264243,-0.36806637,0.1482447,0.77992857,0.43423286,1.0740739,0.59057504,-0.08526611
15,0.37583992,0.57470876,-0.38499945,-0.45264152,0.14201339,-0.39157158,-0.11062467,-0.32145327,0.2779843,-0.0038825378,-0.077296756,0.26225105,-0.25152126,0.39606336,0.2561125,-0.41034693,0.89616084,-0.7527307,-0.30955282,0.7151051,0.47171733,0.009738255,-0.7073172,0.07155877,0.34755477,-0.49584106,0.39988026,0.06426438,0.11814788,0.559037,-0.93482333,0.043729242,-0.39524156,0.32395834,-0.41972765,0.79061157,-0.3767039,0.37582654,0.3842891,0.06193717,-0.91042775,0.38744006,-0.03235128,0.31988317,0.30082723,-0.6453727,-0.7431106,0.22549686,0.09802928,-0.6255045,0.9884606,-0.34085295,1.0189551,0.51760834,0.0942112,-0.48647794,0.52654886,0.677952,-1.035351,0.6141506,0.26744482,-0.632145,1.025166,0.2946511,0.15539545,-0.41518483,-0.38911006,-0.86115056,0.34661072,-0.90377027,-0.2999102,0.09621181,0.4072583,0.04410867,-0.07624963,-1.4293358,0.5088629,-0.12941101,0.17732379,0.5636781,-0.34643558,0.12920272,-0.9290343,-0.79783607,-0.08782932,0.29336157,-0.57954335,0.5174233,-0.06965077,-0.68412125,-0.11385416,-0.041357994,-1.2922007,0.023555145,0.19913003,-0.4810726,0.7153334,0.44713452,1.2084389,-0.67811096,-0.6655379,0.25678575,-0.6014357,-0.06301858,0.055860683,-0.23775396,0.49021193,0.071669,0.15222245,0.28675818,-0.68405145,-0.0043776054,-0.2970762,0.09547467,0.46340093,0.23858072,0.21873929,-0.59299916,0.8821829,-0.44755632,-0.9131317,0.39392096,0.03973504,0.01582945,0.5631735,1.0951064,0.10140833,0.072963566
16,0.29274938,-0.1537745,-0.38260332,-0.35842413,-0.8012307,-0.63223594,-0.3850764,-0.5102963,0.5334247,-0.8972212,-0.39248785,0.43655533,-0.32840845,-0.78826296,0.7221233,0.8200313,0.122637704,0.35071433,-0.77622736,-0.33443707,-0.8377543,0.0030278198,-0.5831162,-0.21631972,0.6158683,0.11857432,-0.13752708,0.2568822,-0.45391312,-0.7051336,-0.59471023,0.47325915,0.118580215,0.41158706,-1.1963909,0.5511318,-0.17824668,0.7120433,-0.1120608,-0.36768383,-0.6931605,0.44777533,-1.0737755,0.68840533,0.31211835,-0.67415243,0.5535312,0.44904253,-0.15568735,-0.60234,0.58902895,0.95158535,0.9369848,-0.6174789,0.5158059,0.54639876,-0.19117689,-0.41313183,-0.3187352,0.46500123,-0.36830488,0.019331397,1.1870934,-0.093056254,0.18318097,-0.2545323,-0.49976552,0.58986074,-0.6897945,0.14949505,-0.38411593,-0.4157752,0.7872587,0.78065556,-0.4056987,-0.39089802,-0.9132523,-0.17857455,-0.49928,-0.81010103,0.34146905,-0.34005702,-1.14525,-0.6654304,-0.71972847,0.059765127,0.28583512,0.6614967,0.5881304,-0.6249226,0.25116077,0.30834302,-0.4907245,-0.14101835,-0.63280225,0.8823432,0.82442385,-0.08239238,1.284247,-0.050062925,-0.54926944,0.3302837,0.463298,0.3800727,0.26394975,-0.80055165,0.48038742,0.0719649,-0.363135,-0.1563026,-0.1443696,0.24914066,0.6926593,-0.58897555,0.23397437,0.41131687,-0.7167619,0.26793817,0.15365377,-0.30619517,-0.58179194,-0.65194607,-0.98458767,-0.018185142,0.07337317,0.5237809,-0.64652383,0.15021051
17,0.9792397,-0.37638593,-0.7822537,-1.3644567,-0.30373916,-0.04673557,0.11682798,-0.67025214,0.46438244,0.041290987,0.010235726,0.15603632,-0.58277255,0.6482571,0.08099278,0.7904967,0.7542883,0.3105669,-0.35283324,-0.37642092,-0.2349015,0.23601949,-0.522307,0.11962454,-0.033280816,-1.2011323,0.5572762,0.4254849,0.52111775,-0.61325246,0.24169478,-0.9597317,-0.0054212287,-0.3170753,-0.6988577,0.41696033,0.028767454,0.30937207,-0.34148002,-0.5965631,0.29167825,-0.31728864,-1.2241915,0.26512772,0.7823589,0.7576153,0.012195835,0.016129382,0.6002386,-0.15604645,0.3705968,0.3576494,0.5597626,0.8988955,-0.28255272,0.25642222,-0.3114444,0.20423429,-1.3422021,0.47728324,-0.07977024,0.28145272,0.05816384,-0.27674785,0.6654022,-0.24962679,-1.1108122,-0.114480324,0.33280358,-0.24308312,-0.64485395,-0.4471872,0.48229653,0.6167944,0.7584501,-0.33169472,-0.11102133,0.10870921,0.47566083,-0.13217929,-0.37635335,-0.6226727,-1.0943577,-0.0117761055,-0.19377942,0.5223669,0.41757298,0.6619515,-0.26086247,-0.9249876,0.21222961,0.86466414,0.101831935,-0.3273744,0.6036276,-0.31234363,0.43456903,-0.0853414,0.30943835,-1.1064517,0.18531394,-0.86089873,-0.21692778,0.44313067,-0.65048873,-0.5247178,0.07962959,-0.93540865,-0.07896788,-0.5343123,-0.4883117,0.21046193,0.41936132,0.2161193,0.1076082,0.3442014,-0.12214466,-0.2512966,0.14411043,-0.13398232,-0.41910246,-0.46859133,-0.14932851,-0.06515617,-0.3596676,0.63178706,-0.62467057,-0.36813787
18,1.2215182,0.6561123,0.4122222,-1.0115515,-0.49755743,0.19999744,0.20785944,0.96060586,1.1016638,-1.2107594,0.3864136,0.34387586,-0.37107924,0.034716908,-0.0748989,-0.11178453,1.4616113,0.34275615,-0.03769434,0.23654604,-1.3336018,0.022643972,-0.5712264,0.040867604,-0.65406114,0.16595723,0.48006392,-0.29616296,-0.34858227,0.062305238,0.36781415,0.16776554,0.24367398,-0.37028557,-0.57819146,0.0706082,0.5358604,-0.5428771,-0.6032795,0.025796212,-1.3023354,0.50082314,-0.43135214,-0.011005249,0.31544515,0.51001596,-0.20118867,-0.7613555,0.6547845,-0.4429172,0.6230744,-0.14257622,0.8279133,0.10588825,0.9346926,0.01088187,0.5350515,-0.59072316,-0.8159237,0.5916337,-0.11587133,0.12124248,0.69189936,-0.15668476,0.31426248,0.16296978,-0.7742653,0.39771155,-0.033437725,-0.15379968,-0.93343234,-0.12680689,-0.35245875,1.1145004,0.11704515,-1.6129484,-0.52741337,-0.029037997,-0.111059844,-0.14458264,-0.36466384,-1.1741229,-1.4595584,-0.022345748,0.77879107,-0.22118574,0.111597486,0.4873054,0.29561204,-0.04792484,-0.100346014,-0.31820524,-0.42096838,0.57285076,-0.06079539,-0.33160755,-0.14227076,0.43758962,0.31550458,-0.7243543,-0.040389128,0.118320055,-0.8805212,0.14423026,0.24507481,-0.6327392,-0.29479104,-0.2434231,0.33817667,0.35538307,-1.0613668,-0.3732099,-0.5016454,-0.5115892,-0.24884646,0.011773332,-1.2428484,0.11270846,0.4264895,0.11391859,-0.13881314,-0.94550854,0.51962215,1.148623,0.21332815,0.29618222,-0.9569086,-0.29109868
19,1.7176836,0.41051602,-0.68957746,0.08200293,-0.6719116,0.39127398,-0.41649765,0.8003217,-0.4597557,-0.34832942,0.896215,1.1470594,-0.23612882,0.31377706,0.7295763,0.77337873,0.8578612,-0.79438084,-0.49200982,0.4250708,-1.250589,-0.21762142,0.047613908,0.002453265,-0.47453883,-0.9495857,-0.00057159393,0.80533534,-0.80416495,-0.34585202,0.4222456,-0.4757818,0.09650482,-0.5629287,0.030147836,-0.42040074,0.15266311,0.009417464,0.42321828,-0.31647608,0.09032101,0.65259624,-0.2556169,0.5927221,0.90229064,-0.42897663,0.6073105,0.29670256,-0.3158546,-0.0023091969,1.0886276,0.49035427,1.0434724,0.28503722,1.0608218,0.89320624,0.57462466,0.8822608,-0.6671613,-0.14243963,-0.40407208,-0.61538357,0.6054521,0.78320473,0.66084665,0.41143996,0.13907069,0.06936568,-0.13329445,-0.38524497,-0.79168034,-0.9408182,-0.2613827,0.4151607,-0.9219932,-1.4549347,-0.6308312,0.47274753,-0.5668966,1.000832,-0.8569999,0.41430378,-1.4585384,-0.03079041,0.13445915,0.37148792,-0.047945194,0.7509854,0.5216,-0.87194294,-0.0014158305,-0.1731379,-0.075112596,0.36346895,0.6926786,0.046558935,0.13690424,0.13148978,1.0859548,-0.35131502,-0.1849337,0.18045497,0.5618123,-0.08310826,-0.38280722,-0.6017628,-0.36880317,-0.95012915,0.7406093,-0.25727978,0.123500034,0.45965597,0.27131972,-0.1390433,-0.40926093,0.14012092,-0.6256265,0.39570758,0.40235552,0.28590357,0.6897719,0.11171672,0.44545084,-0.089252464,-0.3806291,0.26239592,0.5066352,0.047584143
20,0.9586544,0.72276,-0.17896436,-0.060979087,-0.38035613,0.34304938,0.5329346,0.75526196,1.0770309,-0.40107182,0.6628644,0.21298966,-0.80556613,0.4762801,-0.039793804,0.41920736,0.22196603,-0.15631233,0.71732295,0.078981236,0.05676931,-0.005080512,0.35193273,0.39650905,0.1734497,-0.70595634,1.164445,0.14670606,-0.6321961,-0.86197764,0.3156527,0.67278713,-0.22532812,-0.3263076,0.22248302,0.31521636,0.15623158,-0.55125105,0.710976,0.44823766,-0.53970104,0.043960687,-0.68816316,-0.01128718,-0.17912614,-0.5663852,-0.35178345,-0.084081076,0.5751725,-0.6466387,1.3287544,0.26864514,-0.015044627,0.99781007,0.13249777,0.33817002,-0.18389569,0.11854302,-0.009358212,0.62494546,-0.018268153,0.057591148,1.5320413,0.51384217,0.26705658,-0.17377146,-0.57173234,0.16727066,-0.55677676,-0.24255541,0.058431808,0.03890427,0.8290015,-0.24457216,0.13101318,-0.7308265,-0.79631203,0.54079527,0.97240555,-0.4292159,0.028478924,-0.54765433,-0.5156262,-0.97128713,-0.49370104,1.054665,0.35950726,0.4918415,0.08043324,-1.3193645,0.7695071,-0.273332,-0.40001824,0.03957782,0.68222713,0.19499713,-0.25253436,-0.78819865,0.7857717,-0.19401312,0.19212142,-0.58059776,-0.078618765,0.48001295,0.41042846,-0.4388638,-0.1985605,-0.5143548,-0.61276644,-0.6488723,0.109712474,0.25115752,0.65102154,0.18094744,0.14128254,1.0098963,-0.84645134,0.78746086,0.06590203,-0.5408539,-0.6112297,0.26485598,-0.2558586,0.13920704,-0.27721325,-0.15416832,-0.8711375,0.467136
21,0.7495702,-0.4443902,-0.53336495,0.38699424,-0.3625488,0.10734849,0.20144011,-0.9232199,-0.050184157,-0.7114217,0.58895683,0.13657473,-0.7335265,0.8941557,0.28851283,0.7460597,0.8739738,-0.10659869,0.024316018,0.2432119,-0.28465393,-0.21050073,0.12564112,-0.20708671,-0.001920276,-0.035632156,0.43224895,0.10260583,0.22366497,-0.29283395,-0.6370993,-0.19809586,0.37862176,-0.3813245,-0.2875353,0.12132071,0.45618093,0.68653554,0.22589722,0.1704831,-0.71091324,0.06619761,-0.49654293,0.34043893,-0.18786412,-0.4484207,0.90313774,-0.36117882,-0.011925276,-0.5956276,0.12623563,0.62404567,0.16343036,1.1155021,0.06613563,-0.55089086,-0.021885829,-0.3549156,-0.5085196,0.78792924,-0.36286438,0.4809414,0.76026654,0.37573022,0.8662387,0.27434066,-0.1763354,0.4004276,0.4058055,-0.8824915,-0.59790397,0.002510605,-0.14722379,0.99368274,-0.6916241,-0.89303786,0.29506308,0.5172988,0.72627413,-0.21289207,0.51244336,-0.24036995,-0.8038178,0.23645133,-0.3051677,0.09829234,-0.20117064,0.1638754,-0.29011434,-0.19199325,-0.36656162,-0.008363009,-0.49708378,-0.6144981,-0.39783746,0.29645753,0.7728743,-0.31702974,0.32275516,0.063442335,0.34128195,-0.7179027,-0.42228782,-0.16662544,0.30062032,-0.021934291,0.29311714,-0.22477101,0.57078385,-0.44027045,0.00658235,-0.5183604,-0.52883726,-0.3055163,0.06796408,-0.40412092,-0.5386098,0.39567575,1.1696094,-0.77869666,-0.5917612,-0.13358442,0.20144919,-0.15242529,0.6371415,0.80374444,-0.4820735,0.55384296
22,1.0576426,0.58185244,-0.35789615,0.12945713,0.16585527,-0.16927469,-0.6086729,-0.5244499,0.26217538,0.19989504,-0.17978434,0.03585684,-0.46730715,-0.0915959,1.0900298,0.8051113,0.75989217,-0.24190517,-0.56752545,-0.03342999,-0.7098285,-0.58306974,0.33927923,-0.3722692,-0.20231515,-0.94922465,0.49680075,-0.14172873,0.0062429896,-0.76516086,0.08814478,-0.7509449,0.3452975,-0.08619343,-0.9505886,0.72894835,1.021946,0.4833974,0.6010717,0.3021213,-0.5465413,0.042484228,-0.40327492,0.24074171,-0.01705715,-0.17361818,0.26852283,-0.79981244,-0.26143256,-0.44950086,0.04451129,0.06887686,1.0124274,0.796973,-0.21504374,0.17808132,0.12443525,0.32186484,-0.9240275,0.2708315,-0.068324246,-0.39323527,0.58890235,-0.1940831,-0.07094758,0.93585986,-0.017964764,-0.39421922,0.17573261,-0.42412776,-0.2928292,0.010165674,0.5375281,0.28060895,0.34514767,-1.3443711,-0.70930517,-0.61521983,-0.04269801,0.39812648,-0.07863471,-1.08877,0.09392498,-0.090774186,-0.5402059,0.102869526,0.42039558,0.112347946,-0.4539257,-0.70689136,0.66216123,0.12617214,0.5168464,0.6459374,0.28036794,0.835778,-0.4158169,0.40613782,0.6607008,0.2589677,-0.10892503,0.03128273,-0.6517088,0.2676668,0.41700664,0.33849034,0.8289291,-0.113422945,-0.49972972,0.46003965,0.041795976,-0.33655033,0.32861844,-0.23675954,-0.08881978,-0.20793289,-1.0467623,-0.41055882,0.24932392,-1.0978923,-0.8046457,-0.19220173,0.447174,-0.013672062,-0.15391149,0.720792,-0.53919727,0.1103669
23,0.875708,-0.20636766,0.59970117,0.80532426,-0.067286596,-0.61390066,-0.2972248,-0.12576781,0.5915688,-0.699676,-0.32287863,0.34494242,-0.7978812,-0.43972033,0.6123588,-0.33053938,0.14780276,-0.22243755,-0.8654874,0.7514961,-0.44534975,0.28442144,0.033686057,0.22196269,-0.06681722,-0.14534326,0.32935995,0.30199915,-0.05739151,-1.1350037,-0.2638983,-0.18735704,-0.2316533,0.32773843,0.47697368,0.2653847,-0.12054442,-0.50728554,0.58417493,-1.011825,0.050111268,-0.07375038,-0.6783236,0.7722069,0.28222334,0.5512684,-0.32295173,0.27301285,0.37501258,-1.2562877,1.4720507,0.6564199,1.0508813,0.72590876,0.48909777,-1.0580916,-0.13256139,0.3044013,-0.33020538,1.1478361,0.3739929,-0.12653813,0.7684947,0.20450251,-0.0012012875,0.51372313,-0.368739,-0.7760038,0.43643874,0.16083734,0.2904876,-0.18280204,0.884693,0.5905198,-0.30694807,-0.5309065,-0.7084433,0.21581039,0.81139374,0.14973329,0.53317183,-0.7931052,-0.79167306,0.2655004,-0.030485483,0.7462703,0.48451334,0.44723728,-0.19217452,-0.94084597,-0.82058406,0.030826295,-0.029006395,0.5795231,0.5218756,0.033247326,0.5001885,0.3211811,0.88877964,-0.25985563,-0.24531646,-0.75296146,-0.6745006,-0.66440403,0.15669572,-0.4842829,0.19414337,0.1089234,0.12638214,-0.44863015,-0.5574007,-0.6490888,0.09774504,-0.9277683,-0.20106988,0.2947835,-0.66769016,-0.019898409,0.40996242,-0.07787863,-0.15752141,-0.7242872,0.0939971,0.59138924,0.75368327,-0.251413,0.21082404,-0.45744768
24,0.60176665,0.38329,-0.23974171,-0.56079936,0.03360165,0.33702222,0.25651315,-0.17008986,-0.029387575,0.17767037,-0.15864,-0.27926156,-0.51755136,-0.3643896,0.35817102,0.07970936,1.0395136,-0.2618731,0.010478567,0.01036775,-0.6695549,-0.77343464,-0.054907594,-0.07389724,-0.40961614,-0.92054546,1.3344339,0.53230065,-0.12908363,0.16653901,-0.53029466,0.22021781,0.013808909,-0.041695733,0.16746108,-0.12257927,-0.37127537,-0.1542583,0.23922795,-0.28688487,-0.010549905,-0.14379327,-0.56074494,0.76537484,0.43876088,-0.8008024,0.3608629,-0.4687103,-0.6186432,-0.2927021,0.2704873,0.37509754,0.38140744,1.0336226,-0.13049242,-0.21583816,-0.043871906,-0.7370978,-0.4401759,0.9648515,0.59093654,0.34440756,0.4210987,-0.76519305,-0.115462475,-0.11967498,-0.01560441,0.019713387,-0.20065162,-0.38172752,-0.9384602,-0.31929743,-0.2559447,0.7756953,0.01268325,-0.7328638,-0.7074411,0.1626228,-0.19354855,0.72754925,0.7363515,-0.22910692,-0.40479675,-0.08755152,-0.1310276,0.27019772,-0.5700446,0.34840128,0.028551262,-1.119026,-0.5296215,-0.081025854,0.32052886,0.60365045,-0.45995224,0.41878414,-0.05879922,-0.43781137,0.66147697,-0.20954807,-0.04317661,-0.96348286,0.111601636,0.12579978,0.16373555,-0.26423445,0.16890378,-0.6150979,-0.45620894,-0.60603553,-0.23747164,0.18865404,-0.081209004,0.28902575,-0.040085703,0.06971014,0.1391873,0.3538057,0.90753067,-0.07234539,-1.1217468,-0.010109114,-0.8246372,0.60760564,-0.026897384,0.13707149,-0.09686256,-0.5124253
25,0.095076285,-0.06677995,-0.04133445,0.25437325,0.088580556,0.22320516,0.038729813,-1.3139642,-0.101959094,-0.5769285,0.3314159,-0.6476126,-0.27351758,0.5924943,0.7908897,-0.053964946,1.3775066,-1.0250207,-0.85892135,-0.014743103,-0.5769345,0.33690283,-0.30737993,-0.62481743,0.2509668,0.12681116,0.5629105,-0.21428728,0.06275697,-0.28663367,-0.88451064,-0.41065657,-0.28013998,0.18459398,-0.39516282,-0.20444968,-0.07404719,-0.111284696,-0.02944042,-0.56733394,-0.6329329,0.35124123,-0.6689733,1.2231091,-0.098791145,0.28107113,0.5678382,-0.49683934,0.2007503,0.348495,0.09004427,0.24757464,0.6781418,0.547545,-0.2760435,0.22461396,0.8277998,0.13939956,-0.9124377,0.43003374,-0.12803349,-0.7762313,0.7297975,-0.20158428,0.87228686,0.10184514,0.009378214,-0.1811684,-0.33529523,0.06671942,-0.996074,-0.3977376,-0.4879407,-0.003623947,0.6589382,-0.6734315,-0.5789343,-0.25828218,0.9491545,0.086727224,0.38249353,-0.07444905,0.07797703,0.17831613,-0.8692137,1.0299711,0.28104684,0.07465376,0.5224594,-0.57595724,0.2546031,-0.17204425,-0.7829492,0.04119209,-0.37266085,-0.33270204,-0.014278904,-0.39366493,1.284779,-0.08433004,0.23923214,-0.0047497614,0.44958442,-0.5543515,-0.2685728,-0.74938685,-0.18079793,0.042703513,-0.6190789,-0.62132037,-0.16287115,-0.31279248,0.48502082,0.3735681,-0.174779,0.5272635,-0.37865195,-0.32686448,0.9885443,-0.9053051,0.35497963,-0.6773357,0.70892537,0.2977146,-0.24877106,0.34387675,-0.5069115,-0.044173162
26,1.3855877,-0.43007192,-0.3930155,0.003940643,-0.5286065,0.048283234,-0.22816378,0.0021195735,-0.3346753,-0.40183595,0.26974642,0.15778245,0.3305519,0.094595775,0.4035246,0.48820448,0.8487223,0.18016331,0.42063165,0.25104234,-0.019050902,0.31561995,0.56950575,0.062395055,-0.89610445,-0.335811,0.723891,0.5748823,0.9610564,0.18989877,-0.3075358,-0.106590874,-0.8429808,0.82673293,-0.75202405,0.546081,-0.36395064,-0.08968348,0.63025147,0.16997497,-0.7911115,0.36560994,-0.103857055,1.1676915,0.9944743,-0.31914374,-0.37485123,-0.01756444,0.17947559,-0.5515963,-0.45992953,-0.22732747,0.3245028,0.10287981,0.06495103,0.63801646,0.7359461,-0.44435894,-0.09515117,0.33180103,-0.0046772207,0.3969175,0.91942173,0.2117063,0.88555264,0.31129944,-0.18096058,-0.62667185,0.60478836,-0.7848315,-0.19139192,0.010483728,0.807681,0.9423795,-0.18652421,-1.4253362,-0.84808034,-0.18767248,-0.11666689,-0.27099323,0.84192806,-0.6722387,-0.98820686,-0.6632831,0.4315717,0.1286923,0.35035545,0.059314754,0.6240224,-0.74929804,-0.01846281,-0.20671299,0.3093091,-0.28879854,-0.49184433,0.45264083,0.1729956,-0.61741525,0.8103697,-0.84544295,-0.18197565,-0.20486802,-0.25154468,-0.7313122,0.3529932,0.60784996,0.037841927,0.18716602,0.020674203,-0.7838629,-0.6761511,0.2920396,0.6563417,0.48103136,-0.74665165,0.51203614,0.06942951,-0.41084233,-0.09683407,-0.55238974,-0.029776974,-0.88133293,-0.15647115,0.30343008,-0.3534024,0.18863969,-0.42639366,0.7958314
27,1.2442367,0.91098744,0.59729224,0.782518,-0.4768499,-0.3690186,0.1013386,0.12604883,0.58916223,0.14710121,0.98914427,-0.52394867,0.34488562,0.06028931,0.666114,-0.07343057,0.08093441,-0.4128507,-0.24908379,-0.60000116,-0.41813192,0.21809891,0.0021327026,-0.6846897,-0.62610024,0.20211205,0.67520696,0.8778952,-0.16886263,-0.03065608,-0.34330758,-0.30600345,0.28467065,-0.5369928,-0.66213834,0.72600144,-0.16314876,-0.4611364,0.015023661,-0.31690863,-0.43163714,0.121708944,-0.89549273,0.67424357,0.43839896,-0.12615432,-0.01933345,0.10648282,-0.08275549,0.11792706,0.9066751,0.53218323,0.103288725,0.73008007,-0.3570171,0.518573,-0.2508497,-0.18888786,-1.3387356,0.9262045,-0.5352435,0.62507445,0.25067186,0.35816568,1.0385692,0.70307297,-0.4566127,-0.75075245,-0.18170132,-0.121123575,-0.3032862,-0.5695261,0.5725685,-0.109704636,0.37070364,-0.4501778,0.35788098,0.25420207,-0.101937704,0.9863097,0.43352583,-0.23094676,-0.8979503,-0.35025325,-0.12653705,0.671134,-0.40426597,0.21035787,0.12488244,-1.1389467,-0.4434617,-0.09592307,-0.65262634,-0.15776949,-0.7758498,1.0511087,0.86933035,0.18040973,0.5119216,-0.4828439,0.21314508,0.56638,-0.6618109,0.050483875,0.054719597,-0.49559698,-0.38710225,-0.31502,-0.089294545,0.2801601,-0.21849367,-0.49836093,-0.1142062,0.41711476,0.6651727,-0.24578188,-0.9769297,-0.5776008,0.6611309,0.15699452,-0.29227278,-0.24042386,0.24225964,0.08939312,0.16119762,0.3871943,-0.48639515,-0.32348818
28,0.33098993,0.48212764,-0.44247738,-0.48093152,-0.25798425,0.7799901,-0.15050848,0.09064872,-0.03850859,-0.38133854,0.533643,0.3294304,-1.0533568,-0.030466422,0.04393581,0.51537323,0.30006623,0.45813787,-0.34772456,0.7347565,-1.1647538,0.38245603,-0.39196396,-0.73386693,-0.090623826,0.04425345,0.45527604,0.013033052,-0.16040191,-0.079350844,-0.91655827,0.93146914,-0.45151177,-0.2071179,-0.8780317,0.66918564,0.48967528,-0.5239925,0.9320507,0.040563453,-0.8921053,0.45811358,-1.2020652,1.1412188,0.02386088,-0.33040822,0.61698747,-0.6990158,-0.66442907,-0.43021488,0.029094359,0.077816956,0.26551372,0.93078864,-0.0055429703,0.13127534,-0.66219145,-0.022890061,-0.4837999,0.7770288,-0.22464791,-0.5490503,0.3334464,0.106637806,0.67333436,-0.35065272,-0.59479594,-0.5414439,0.11468187,-0.37246183,0.0131049445,0.057387736,0.32526243,0.5894606,0.6927138,-0.074678026,-0.6643287,-0.48921624,-0.23226923,-0.28978482,0.48042905,-0.1721265,-0.74808365,0.01479536,0.36086363,1.1348495,-0.8231707,-0.17115156,-0.46504396,-0.5346008,-0.3361941,-0.20600712,0.4463023,-0.26913196,0.3393757,0.52970695,0.07955826,0.1641182,0.53026175,-0.6774328,0.23947768,-0.22027105,-0.40138495,-0.082654566,0.19399229,0.22359377,0.03803993,-0.3939445,0.016155101,0.0688286,-0.22225757,0.5320845,0.12762631,0.096146084,0.6525132,0.6088123,-0.5221447,-0.27873474,0.98575354,-0.27138123,0.2834956,-0.22966412,-0.1076234,0.0501866,0.026692746,0.4170123,0.15535112,-0.04750122
29,0.77913654,0.29056525,-0.80510885,-0.733718,-0.5432754,0.074047625,0.70795655,0.15920065,0.29083967,-0.4959116,0.13701807,0.457949,-0.340906,0.8664186,1.064708,0.4289268,1.3528533,-0.086082615,-0.96778816,0.1334177,0.27867025,-0.08713969,-0.19123027,0.22418675,-0.28769854,0.3398336,0.6046571,0.2614377,-0.5868418,-0.43490762,-0.6371999,-0.33124512,0.14139797,-0.014489551,0.12128232,-0.3359102,0.2593837,-0.29513824,-0.29225785,-0.2849685,-0.902695,-0.30445424,-0.027449757,0.2237801,0.7459396,-0.53300285,-0.13908657,-0.06852009,-0.044197768,-0.767907,-0.0031940837,0.89278215,0.10330569,0.39107344,0.7884047,0.07442791,-0.08742148,0.03551962,-1.1827174,0.95985377,0.35791218,-0.6407411,0.7754311,0.27906275,0.3878712,0.056023102,-0.44888633,-0.34291664,-0.36891878,0.3873427,0.14897913,0.0045894845,-0.17066568,0.3848062,0.015978973,-1.5087873,-0.48495388,-0.7910538,-0.19473311,0.6556152,0.84549695,-0.26139078,-0.4755865,-0.6853932,-0.27696303,0.42120433,-0.9358531,-0.035931595,-0.9985672,-0.78152126,0.6617336,0.7279209,0.28463677,0.5843522,0.31707427,0.92583853,0.8340419,0.43562186,0.5156705,-0.8966026,-0.2892345,-0.104502745,-0.25129703,-0.3916465,-0.12309334,-0.3896352,0.02663103,0.21129183,-0.20755927,-0.4611579,0.44329357,0.27704215,0.3052417,-0.16069178,0.07577784,0.4281612,0.23334242,0.14720842,0.011674752,-0.04192851,0.44610307,-0.76451606,0.30762202,-0.51873946,0.6298598,-0.17156704,-0.6845122,0.495553
30,-0.20518015,-0.17858571,-1.1561217,0.2318078,-1.440333,-0.9167498,0.15522912,0.11401669,0.06135408,-0.16800767,-0.6388674,1.1270038,-0.5222058,-0.056852084,0.23832734,0.42245305,0.9780647,-0.5024072,0.46822605,-0.27599972,-0.6910677,0.6145108,0.21703441,0.1457938,-0.32187527,-0.9325218,1.129151,-0.28319848,-0.054845784,-0.89210945,-0.2585127,0.10049704,0.091495216,-0.5085302,-0.7471513,-0.26480523,1.0010701,-0.5078769,-0.021472681,0.3532098,0.18302177,-0.60219884,-1.4225731,0.6281625,0.05367094,-0.4163846,-0.68449974,0.005403,-0.32707217,-0.95824414,0.2985098,0.08550711,-0.0055335867,0.6079008,-0.049552083,0.27740276,0.030627636,0.48320895,-1.2469085,0.1283081,0.003303398,0.6199226,1.1717379,0.22062908,0.51762164,0.44434425,-0.10877791,-0.19910622,0.36581296,0.015587571,-0.23623554,0.048338663,0.50924325,0.13822569,-0.09576828,-1.7473364,-0.55870515,-0.022861058,-0.42507017,-0.7660644,0.12816666,-0.4978617,-0.5235653,0.34915978,-0.25747982,0.8232031,0.015914258,-0.2276775,0.46734443,-1.366039,-0.6452172,-0.1439127,-0.79162055,0.14404054,-0.40738583,-0.059381723,-0.5106767,0.06675447,1.7493378,-0.51492137,0.54718775,0.4608754,0.20760407,0.577239,0.17587005,-0.651042,0.5855097,-0.2861664,0.1571199,-0.48817253,-0.4230876,0.97753936,-0.7454796,0.072904736,-0.40558457,-0.23183954,-0.45617172,-0.22845569,0.42768437,0.03402797,0.32248765,-0.12028066,0.15245984,0.11624838,-0.32146522,0.50434554,-0.08286171,-0.012075503
31,0.6827867,0.17491257,-0.8265774,-0.301513,-0.1670652,-0.3539685,-0.5177483,0.037890967,0.44912335,-0.13419679,0.8489005,-0.282665,-0.28576374,0.703488,0.30797973,0.3519697,0.59076685,-0.5485186,-0.09032915,-0.34988195,0.1318011,-0.027278833,0.3913099,-0.84185684,0.043467626,-0.26812032,0.76010936,-0.29985845,0.71646243,-0.3688497,-1.1434788,0.6753557,-0.9723566,0.19870922,-1.1356524,0.10553577,-0.4339666,0.39579493,-0.15441678,0.031567972,-1.1264609,0.26107875,-0.2735278,0.19032569,0.98446614,-0.0740603,0.22875318,-0.0398426,0.29772976,-0.9494389,-0.08105919,0.37203845,-0.10205241,0.3492746,-0.22742413,0.63556206,-0.3972627,0.30286786,-0.37391138,0.20626779,0.5408375,-0.44024557,-0.022277886,0.82847595,0.109563455,-0.43022314,-0.38380983,0.1184861,0.21663944,0.19958669,0.079510525,-0.30706698,-0.015586874,0.77373326,0.52922195,-0.53979355,-0.38875172,0.30598003,0.4681788,0.6505141,0.3831415,-0.70587,-0.25743276,-0.20042218,0.15803064,0.6223635,0.15226915,0.74758154,-0.74354714,-0.5339184,-0.115398325,-0.4476033,-0.7931823,0.051882636,-0.20479567,0.5745558,-0.5127122,-0.05573757,0.80617833,-0.39786327,-0.11725986,-0.2540994,-0.88005996,-0.21280095,0.008700499,-0.55481285,0.6313557,0.61112446,-0.48491907,-0.3820727,0.31291842,-0.26548994,-0.34818253,-0.104733564,-0.24900182,0.2637747,-0.58056515,0.004877465,1.4175305,-0.018249307,-0.47337413,-0.2528158,0.34985504,-0.21853592,0.022074666,-0.10820828,-0.8102945,-0.70131
32,0.8491535,0.403441,0.40008885,0.43002507,-0.8849308,0.22763859,0.20506187,-0.43886116,-0.11531681,-0.8254122,-0.20129536,-0.27564183,0.16202308,0.1984076,-0.53214556,1.0333683,0.94045997,-1.1469743,-0.32663658,0.110185795,-0.08275947,-0.4827518,-0.38824973,0.594231,0.17887598,-0.51661444,0.4445241,-0.70969886,-0.39523837,-0.9121237,-0.73663837,0.25272933,0.56126404,-0.075403206,-0.55172324,0.011087217,0.30633494,-0.11039807,-0.284842,-0.21482551,-1.1047248,-0.5166923,-0.4363404,0.10244853,-0.075446784,-0.24990524,-0.81959087,-0.25453115,0.87435424,-0.5716724,0.20525305,0.2568659,0.7388695,-0.024970897,-0.5645603,0.56419563,-0.6347576,0.5949908,-1.4449795,0.27046108,-0.5499412,-0.12031842,0.0981546,0.18072052,-0.3042189,-0.57292944,-0.751186,-0.18976697,-0.6406977,-0.40181544,0.04279643,-0.21011889,0.2180743,1.0843714,-0.46562025,-1.3425255,-1.3951904,-0.82962865,0.30057248,0.64633465,0.5227735,-0.46298754,-1.1122198,0.06327916,-0.220121,0.7537087,-0.39613107,-0.46537828,0.21505342,-0.44074458,0.40905142,0.39582855,0.09399669,0.6353533,-0.2859952,0.39763522,0.28040016,-0.78856814,0.9377833,-0.25731146,0.50635433,-1.4128585,-0.023174025,0.38913327,0.5533988,0.1917621,0.24644399,-0.38564813,-0.3306252,0.26736295,-0.9473434,0.6706763,0.055990748,-0.37005183,-0.21262234,-0.29472512,-0.23872484,-0.37329543,0.3732928,-0.680582,0.51466906,-0.58756167,0.05876506,-0.5732335,-0.38699734,-0.16480795,-0.32716122,-0.85378134
33,1.1853659,0.76716965,-1.0484332,-0.28542352,-0.5140029,-0.54565144,-0.25903916,0.30670956,-0.5060465,0.42765746,-0.08683506,0.555196,-0.83318985,0.6593019,0.20029503,0.5490425,0.32770064,-0.20073117,-0.8150449,-0.084832855,-1.0001034,0.14815055,0.47053555,0.044037737,0.580276,-0.40053043,0.20160979,-0.012848123,0.05023192,-0.34705928,-1.2516851,-0.06859964,0.1460809,0.4405648,-0.45128024,-0.4718051,0.31202433,0.30515724,0.08023032,-0.28357923,-0.9043083,0.6432364,0.07393646,0.7113942,-0.006257533,-0.08101237,-0.15027615,0.49549362,0.38563854,0.20598595,0.48798236,0.033014987,-0.04751295,0.053809762,0.47636253,-0.4961883,0.45650214,0.01602537,-0.31055072,0.1261569,-0.027928004,0.2042664,0.57137823,-0.30943242,0.16505934,0.28618285,-0.57848173,-0.5563911,0.66563135,-1.042026,-0.3993271,-1.0112299,0.5419107,0.16537158,-0.69074243,-0.88689655,-0.12323728,-0.60205084,0.5230741,-0.23071785,0.67382306,-0.30329064,-1.133412,0.33783242,-0.10387597,0.81607205,-0.25360897,0.6812741,-0.12882358,-0.7693071,0.3426115,-0.12326724,-0.57210577,0.7934056,0.010891753,0.49141887,-0.10176493,-0.65122813,0.3153692,-0.957535,0.8047141,0.002355554,-1.0662564,0.61283505,-0.41341165,-0.22762121,0.074974746,-0.25303835,-0.5899492,0.15034719,-0.37465647,-0.41883382,0.38348374,0.3714167,-0.32802245,-0.1685609,-0.40275386,-0.5657724,0.8620366,-0.9174273,0.039432205,-0.32220596,-0.59851557,0.81079,0.1947281,-0.7922745,-0.6011867,-0.23350476
34,0.46842963,0.2279064,0.0026225483,-0.49906945,-0.7782608,-0.643505,0.5660072,0.218142,0.007874065,0.3518621,0.72957206,-0.3251813,-0.929303,-0.20106822,0.89105636,0.8664348,0.90664226,-0.95194083,-0.92792195,-0.14515886,0.03518869,-0.5846457,-0.53993225,-0.046421364,-0.46699122,0.2185212,0.7967881,-0.09790515,-0.054881882,0.6771923,-0.29285112,-0.40452623,-0.6476615,0.19836685,-0.19235417,0.8673474,0.5898694,0.21907996,0.18540002,-0.46181962,-0.38702896,-0.15929218,-0.511044,0.91915655,-0.7102072,0.41450077,0.36264873,-0.10260735,-0.4402848,-0.5345975,-0.08390248,-0.18647142,-0.07007932,-0.053604238,0.8449696,0.5468926,0.43394625,0.48864198,-0.2255599,1.2498776,-0.7945545,-0.21987647,0.35150644,-0.46826923,-0.027213277,0.261186,0.78626597,-0.24797697,0.19110017,-0.019401819,-0.6636793,-0.33811656,0.83335483,0.57732475,-0.6447161,-0.8107964,-0.7498784,0.23219867,0.07941181,0.12816302,-0.08930125,-0.15104339,-1.1395636,0.23154604,-0.69510335,-0.010798421,-0.67361593,0.51116407,-0.17608394,-0.14644618,-0.7553284,0.39977336,-0.71010363,0.014708261,0.4215463,0.32385093,-0.33591896,-0.7500129,1.4683031,-0.95819026,-0.24623382,-0.46252975,-0.664912,0.24367574,0.74223745,-0.5746654,0.57683176,-0.42561287,-0.50583696,-1.1410865,-0.2660983,0.18936795,0.2922593,-0.19823098,0.21876802,-0.24278773,-0.61018187,-0.29401085,0.4641909,0.09677245,0.4581595,-0.44707045,0.5557752,-0.37094152,0.035551712,-0.12840539,-1.1431035,0.11659212
35,0.75284207,-0.47487772,-0.29906213,-0.17232528,-0.29227573,0.34040532,0.68314695,0.18052456,-0.5194465,-0.44357508,-0.6765138,0.21107276,-0.44162437,0.08618615,0.49858627,0.6204629,0.23404717,0.14130023,-0.24345924,-0.08596762,-0.6601691,-0.007923176,-0.43803966,0.43822393,-0.50966626,-0.28742936,0.6825545,0.40858945,0.68559855,-0.8764669,-0.95405203,-0.6157122,-0.17745486,0.14422557,-0.262031,0.2797571,1.0154725,-0.8529193,-0.008997631,-0.76053125,0.12716697,0.2146029,-0.6517114,0.8217918,0.17681776,-0.37697226,-0.30086106,-0.39692864,0.2361532,-0.19499722,0.8068421,0.7561437,0.91357136,-0.45490688,0.19536111,0.9351699,0.21615548,-0.27414614,-0.87829643,0.19834562,-0.55504185,-0.2994156,1.219581,0.20156589,0.06518964,-0.17156686,0.20501885,-0.6576843,-0.06911841,0.5093474,-0.74032956,0.029667983,0.7828711,0.070226945,0.21961531,-1.3873079,0.17762347,0.24374954,0.36788353,0.69211,0.70394415,-0.76679343,-0.8044686,0.50125897,1.1897647,0.01615677,-0.077029824,0.8762578,-0.17715397,-0.04784631,0.003666375,-0.14428131,-0.36099714,-0.7702264,0.54370457,1.0666442,0.23282987,-0.9890361,0.38862133,-0.4166771,-0.28378373,-0.30396527,0.28376994,0.6616205,0.34703046,-0.8729278,0.07125771,0.32964018,-0.050706923,-0.1559448,-1.0612457,-0.3778609,-0.5048408,0.24648985,-0.47829488,0.5957762,-0.50885326,0.03936354,1.4300202,-0.9989152,-0.72866386,0.38767496,0.3702069,-0.30757335,0.5878184,-0.38924995,-0.352929,0.01033478
36,1.1624451,-0.29419413,-0.82637936,0.0129317595,-0.012484536,0.45845973,0.10654495,0.7590955,0.26097274,-0.45437413,0.8511881,0.48440737,0.20248583,0.93740064,0.40722135,0.20196432,0.30395427,-1.0918823,-0.588291,-0.3789334,0.40022725,-0.16308157,-0.4590976,-0.136133,0.41954145,-0.5783805,-0.39302045,0.86854285,0.7376636,-0.14184003,0.3146584,0.08595791,0.42117068,-0.06585981,-0.32022357,0.3081901,-0.1441665,-0.2647399,0.27006063,-0.28040645,-0.41070765,-0.1679803,-1.032695,0.7889067,0.507621,-0.052690268,-0.28874618,-0.3417943,-0.2908814,-0.56745577,0.89587927,0.57898873,1.1620283,0.74452883,0.57994413,0.46361047,-0.16270415,-0.20610331,-0.19210686,0.06603929,-0.49804026,-0.106203735,1.2654101,0.58940816,0.51057994,0.5409561,-0.5543672,-0.58961916,0.108449414,0.12495391,-0.95232177,0.23253621,0.06301347,0.9711598,-0.05691524,-0.5017234,-0.5508652,-1.0389978,0.5727465,-0.6160953,0.22789463,-0.47498745,-0.9551285,0.1770961,0.19262391,0.17965966,-1.080352,-0.4572584,0.4476246,-0.45909205,-0.66129225,0.036007885,-0.4972481,0.67671543,-0.23321877,0.10162649,-0.4125088,0.18180804,0.610682,-0.3673848,-0.38357726,-0.55348945,0.16540706,-0.18085119,0.051744413,-0.4968168,0.43998545,-0.19421025,-0.19285007,-0.58920646,-0.009470723,-0.8494703,0.71643615,-0.2373898,0.3249819,-0.10295025,-0.78659546,-0.42119125,0.8426377,-0.17260242,-0.55010253,0.5160158,-0.58598804,-0.038251545,-0.075606,-0.31476492,-0.15191656,-0.405555
37,1.1260887,0.172984,0.10122762,-0.13022958,0.4076963,-0.0806806,-0.16208856,-0.4163302,0.41658494,-0.15787661,-0.01605105,0.76215667,-0.8285055,0.36640078,0.38220957,0.4890827,0.7843372,-1.0634084,-0.79187614,0.43734473,0.07444736,-0.3391636,-0.23840274,-0.23341438,0.5127622,-1.1822932,1.0600102,-0.014852444,-0.16258839,-0.4039729,-0.2512486,-0.15939246,-0.29300857,0.17317167,-1.2821214,0.5618146,0.6327015,-0.21585669,0.034093738,-0.3595548,-0.4096515,0.43381572,0.24099056,1.0417259,-0.0021792112,0.17048371,0.25953892,-0.8708792,0.22693221,-0.77215344,0.5011875,-0.25003755,0.2932551,0.56809634,0.4810059,1.0470082,-0.3426038,-0.3751627,-0.16687927,0.18257673,0.21036263,0.44243294,0.78365695,0.7197216,-0.34246776,0.1181853,-0.77126235,0.0040287264,-0.24925701,-0.19650488,0.37447113,-0.20408107,0.23193209,0.23021981,0.39719853,-0.05814955,-0.14531417,0.23631328,0.19144522,0.7077943,0.9955042,-0.019913398,-0.4671422,-0.08716399,-0.5409454,0.6173418,0.08916007,0.32903764,-0.17078884,-0.7576967,-0.11152588,-0.4233148,-0.55185443,-0.42181715,-0.35649884,0.3826125,-0.15286145,-0.17651762,0.41932115,-0.22102116,-0.19852865,-0.39461383,-0.114207126,-0.03693863,-0.0994722,-0.31473288,0.43726444,-0.053499967,0.35135555,0.22693026,-0.51683134,-0.23561403,0.28008,0.56250465,0.49908307,-0.19321072,0.17097855,0.14585906,0.83219945,0.3672768,-0.17246112,-1.1994146,0.0638998,0.33466154,0.1667877,-0.50115645,-0.21151218,0.61941147
38,0.8084489,0.27933037,-0.33797956,-0.3936971,-0.6277141,-0.34356144,0.79263735,-0.111343,-0.40087792,0.2068759,0.018971011,0.30419016,-0.8121111,-0.11550031,0.9596538,0.13822068,0.7552181,-0.58840805,0.22961877,0.03870058,0.0810787,-0.33554432,-0.75867337,-0.3661452,-0.28043225,-0.69661003,-0.028109323,0.61289513,-0.02396903,0.007881729,0.05883257,0.18930718,-0.5491461,-0.113597594,-0.6845403,0.42092434,1.0629761,0.5431707,0.026021224,-0.27177367,-0.6316506,0.56777227,-0.51565355,0.111784674,0.32599238,-0.15018505,-0.5371509,0.0321037,0.46631193,-0.63028437,-0.06299401,1.0784233,1.0601656,0.33022553,0.053631496,-0.3099574,0.1637981,-0.75018775,-0.05023821,1.1004765,-0.65274304,-1.0022727,0.10078899,-0.06712434,0.47997087,-0.17579593,-0.72210175,-0.576307,0.25191563,0.65694517,-0.32145157,0.39555904,0.47266608,1.1976879,-0.7187357,-0.90150046,0.0111682825,0.91715926,-0.3786256,-0.044248324,0.26998547,0.38390055,-0.41268048,-0.1938682,0.12844943,1.0998838,0.26413426,-0.39764318,-0.21443841,-0.7012605,-0.1840106,-1.0030313,0.11624352,0.1975129,-0.057625655,0.51863,0.28064713,-0.44538817,1.249839,-0.27029574,0.43797898,-0.6267973,-0.2912411,0.35635093,0.51133186,-1.0370909,-0.23330334,0.16155805,-0.36534074,0.4720019,0.32180992,-0.42945844,0.76525015,0.64836216,-0.22971413,-0.015790133,-0.43469474,0.0014326238,0.67055035,-0.5653633,0.20305425,-0.11676465,-0.2880765,0.6025136,-0.3696447,0.5496044,0.28874427,-0.19436696
39,0.8671674,0.21163449,-0.6236322,0.53423613,-0.29977632,0.34992552,-0.47490442,0.5535327,0.47888815,-0.74609596,0.55451375,1.1836386,0.57667,-0.08682837,0.5749669,0.44760117,1.102169,-0.38909864,0.06675988,0.3264288,0.0075004264,-0.41823035,0.41883337,-0.0026301297,0.13893744,-0.12744729,0.7853132,-0.42860636,-0.13161923,-0.30273622,-0.84948635,-0.6110556,0.2515177,-0.081876904,-0.56158245,0.40653855,-0.30413598,0.69865674,0.73540354,-0.7348311,-0.43526018,0.71841526,-1.3733945,0.1723011,-0.6017191,-0.10086588,-0.23811941,-0.1903645,0.3023897,-0.33292234,1.0923547,0.23929733,0.296136,-0.34170473,-0.42597064,-0.70872986,0.008546543,0.14065908,-0.8128218,0.403431,0.26682162,-0.06954785,0.34008497,0.16900161,0.7318831,0.8166104,-0.75818044,-0.79137856,-0.14586282,0.08427797,-0.46696976,-0.27838314,0.35841313,0.5725359,0.6330851,-0.56635165,-0.16066371,0.27109608,0.3703905,-0.25366274,-0.28894484,-0.18150394,-0.0347172,-0.02186778,0.105182484,-0.4835576,-0.5782089,0.5982433,-0.29515654,-0.042267296,-0.701359,-0.27336198,-0.24948649,0.43749616,0.3866152,0.7722319,-0.36469153,-0.58119917,1.4608341,-1.0157678,-0.55427015,-0.14713886,-0.4957218,0.99046606,0.26867473,-0.53621376,-0.032360684,-0.22884895,-0.8047705,0.024175256,-0.64128214,0.5043651,0.6507437,0.073749214,-0.16517873,0.0066160383,-0.038498897,0.5552006,0.6639092,-0.281899,-0.41743937,-1.1323493,0.033324797,0.6404384,-0.17348377,0.5360842,0.16729751,0.87877214
40,0.68332213,-0.19137402,-0.24920109,0.15589772,-1.1918185,0.12104057,-0.11719914,0.037023466,-0.40702793,0.18765262,0.4678098,-0.1377937,-0.40143296,0.54923004,0.015289284,0.54448545,0.88051766,-0.4086351,-0.47111315,-0.22672538,-0.6036615,-0.60988104,-0.30989116,-0.66342896,-0.662995,-0.9884497,1.0791388,0.753407,-0.2667898,-0.8698232,-0.8233983,-0.26885438,-0.20775366,-0.7941142,-0.21623437,0.22944085,0.024299955,-0.5086082,-0.3165279,-0.11424318,-1.0687943,0.34606117,-0.17573586,1.2960248,-0.061591543,0.23459417,0.21601982,0.30117783,-0.13305108,-0.595836,-0.05536784,-0.051407363,0.13624264,0.3353784,0.050975855,-0.6336192,-0.894321,0.08860378,0.18018083,0.34569564,-0.12874922,-0.29688928,-0.1583178,-0.011614448,0.15085387,-0.18063153,-0.15955202,0.25437388,-0.07846549,-0.62580854,-0.1633533,0.13611154,0.6274752,0.7240876,0.57229674,-0.7183792,-0.3978693,-0.3172644,0.3621016,0.47680148,0.11573819,-0.16864766,-0.69050974,-0.49549586,-0.078488626,-0.13148528,0.13808861,0.04003847,0.07727754,-0.21104838,-0.34056953,-0.2297639,-0.51947314,0.10485526,-0.7181826,0.0043822643,0.34229153,0.11915781,0.86499125,-0.4936253,-0.48040017,0.17223251,-0.5913156,-0.5402076,-0.018498255,-0.79306465,0.4814156,-0.20409863,-1.0469966,0.3417088,0.27526218,0.16323002,-0.24701262,0.4781058,-0.08666073,-0.083016075,0.1315058,0.3084168,1.3765815,-0.55456525,-0.40015933,-0.2640769,-0.60128826,0.6915896,-0.19240046,0.12209497,-0.1317718,0.85059536
41,0.9028072,0.5532504,-0.43526727,0.3832448,0.06791086,0.19938767,-0.3042071,0.26762286,0.5694246,0.24057652,-0.30950275,0.11553088,-0.4744883,0.19861844,0.0398219,-0.20951638,0.5990924,-0.3248817,-0.51762956,0.38013843,-0.3976644,0.43376294,-0.51528305,-0.32424968,-0.37721753,-0.19532913,-0.21446858,0.22142169,-0.43108866,0.24089436,-0.72274005,-0.68190473,-0.15523227,0.6881211,-0.2912456,0.7439105,0.31667864,0.2278901,0.6925337,-0.30736238,-0.41379052,-0.3037483,-0.70246667,0.753063,-0.0004323288,-0.003780067,-0.36045295,-0.77043843,0.21076353,-0.5206113,-0.08060239,-0.14482094,1.1845953,1.0431415,0.32418996,0.2384497,-0.027804479,0.3292563,-0.40086392,-0.25813898,-0.36177978,0.1414645,0.23257034,0.23047104,0.84905463,-0.36922023,-0.24778473,0.31259656,-0.32602158,-0.5857479,-0.7784587,-0.4585196,0.22196162,0.32430574,-0.44478428,-0.8678953,0.040717084,0.45040601,0.5471294,0.2902299,1.065924,-0.66169316,-1.0001655,-0.7611286,0.43735796,0.95393956,0.006353427,-0.118897475,-0.3484827,-0.21265091,-0.8137196,0.437146,-0.8050494,0.4268292,-0.26490396,0.92953503,0.3917262,0.072383165,0.50170666,-0.37088564,0.5496802,-0.32074142,0.2836053,-0.5304966,0.2380239,-1.1131623,0.6578624,0.20901509,-0.73636687,-0.16592175,0.67649597,0.48996824,0.7658975,0.09911332,-0.7876454,-0.37090805,-0.2321607,0.8350571,0.13927875,-0.33433744,0.20911291,-0.114774875,-0.21207039,0.12008836,0.077734746,0.16326387,-1.1895549,-0.09608293
42,0.3776056,0.3233729,-0.61656004,0.14040759,-0.22061905,0.1640971,-0.32849365,-0.2757079,-0.34378877,0.104402035,0.8143295,0.08200822,-0.064883135,-0.112394325,0.46930832,-0.05209084,0.9157325,-0.08090717,-0.40780142,0.47212434,0.25530612,0.0581183,-0.4275483,-0.5207457,0.026921008,-0.1987141,0.61857194,0.2292188,-0.22631747,-0.5909507,0.039996956,-0.717695,0.06143873,0.3955785,-0.4343257,0.67637503,0.58450925,0.17422819,-0.17675026,-0.6319271,0.27709958,-0.18349794,-0.026076224,0.4514231,0.5143368,-0.36760554,0.12682845,-0.5995102,0.5249182,-0.3856213,0.8917269,0.70627725,0.19039708,0.3145815,-0.23069239,-0.78507715,-0.35697806,0.55449975,-0.0005579743,0.79737765,-0.47346613,-0.6069922,0.3542696,0.25816536,0.80555046,0.658167,-0.5681263,0.72828835,-0.44680017,-0.5736366,-0.54575294,0.10662018,0.5267754,0.032434035,0.6693335,-1.2932242,-0.3970106,-0.17456082,-0.0769296,-0.2566881,0.04855111,0.5369788,-1.3979229,-0.6086646,0.6319363,-0.45731091,0.066699825,0.8372956,0.47058192,-1.2514108,0.28348672,-0.030682636,-0.22331351,-0.22500871,-0.8494862,-0.16867849,-0.4671616,0.13877122,0.75437623,-0.8052182,0.3658685,-0.75743955,-0.095411025,-0.51017094,0.591179,-0.1629194,0.20442334,0.40307605,0.14259617,-0.3485123,-0.045278177,0.3762238,0.20864601,0.46246657,0.41023797,0.040899526,-0.92707443,0.52024406,1.2323674,-1.3317873,-0.3586474,-1.0346036,-0.2697454,-0.18794385,0.90946686,-0.34514788,0.6139428,-0.5104596
43,0.9249611,0.2514603,-0.26683253,-0.3630061,-0.3538595,-0.036607593,0.51154983,0.47162616,0.14502928,0.43261203,-0.24933225,0.68979686,0.03567639,-0.3667524,0.84320295,0.38805884,0.48413834,-0.70793164,0.50223404,0.21101223,-1.3876143,-0.07361927,-0.3701069,-0.48204866,0.4909852,-0.20259531,0.9225737,0.113980405,-0.070389785,0.12289334,-0.89839447,-0.74107605,0.50090283,-0.8419282,-0.043816216,0.69218934,0.16172977,-0.5500597,-0.30619174,-0.067412786,0.31994247,-0.18266366,-0.14955519,0.24791823,1.0247155,-0.09752941,0.70598656,-0.038343206,0.8111742,-0.78118235,0.24079193,0.34654674,0.17205814,0.9327646,0.42384043,-0.05140141,0.33668035,0.20343359,-0.3970751,0.04838931,-0.79699856,-0.040803082,1.2465336,0.07025182,0.3583772,-0.08465663,-0.8813329,0.22084466,0.5104577,-0.58184236,0.25715774,-0.98014134,0.007532854,0.96875143,0.6055674,-0.48134384,-0.7847652,0.3844678,0.0877722,-0.067746714,0.6119918,-0.51999104,-0.27704135,-0.5928493,-0.5631263,0.8463936,-0.6006721,-0.36245763,-0.28348553,0.023623597,-0.041531987,0.053259954,-0.737559,-0.1314047,-0.55555314,-0.24219432,0.1528726,0.4928713,1.1224735,-1.1589198,-0.6505349,-0.5274603,0.02729611,0.355504,0.39176556,0.06206852,-0.039513335,0.560091,-0.113577254,0.19454002,-0.34807697,-0.1586972,0.5939356,-0.7301497,-0.39080334,0.34316355,-0.38778204,0.6358203,0.62677646,-0.6998371,-0.17664273,0.16281739,0.25879213,0.23021676,0.348277,0.47481093,-0.4607831,-0.513521
44,1.4849796,0.03234438,-0.65611476,0.32293326,0.22091895,-0.9214571,0.13893293,0.11922622,0.67753714,-1.0867453,-0.23320585,0.45114487,-0.9359719,-0.6586818,0.01350516,0.65424496,0.39023346,-1.0321529,-0.24966194,0.35099107,-0.56696427,-0.72819823,0.07079717,0.018029936,-0.45805356,-0.50388646,0.90427625,-0.36655074,0.30588323,0.22926806,-0.6647661,-0.33199474,-0.05152349,-0.010012504,-1.1423047,0.2069215,0.6581114,0.36771756,0.55411637,-0.69316906,-0.03456294,0.37572736,-0.96092975,-0.08155007,0.34173414,-0.2857459,-1.2575089,0.93853897,-0.43518227,-0.48299366,0.19258463,0.24388702,1.072154,0.32681686,1.071256,0.12565264,-0.09226442,0.33286148,0.5536061,0.850115,-0.28260177,0.02086776,0.874424,-0.5332587,0.36364344,0.31719643,0.36640525,-0.3800043,0.3115913,-0.32592598,0.4519273,-0.7991182,0.78935885,1.1274052,0.9939424,-0.8570988,-0.1617028,-0.3251306,-0.32951993,0.028023832,-0.07743052,-0.74992883,-0.5633869,-0.2857254,0.29197156,0.5787931,-0.43260306,1.1600094,0.80703694,0.04615044,0.29019648,0.5265578,-0.3615637,0.5088479,0.29812086,-0.11485719,0.7166781,-0.20137213,1.3597416,0.12434437,0.41082612,-0.053068556,0.37958524,-0.5809882,-0.4272696,-0.43204445,-0.35798946,-0.24865228,-0.40939352,-0.065296374,0.37169477,-0.043714464,-0.19309585,0.17919233,0.278542,0.46824536,-0.9492231,0.4170152,0.62265956,-1.1421859,0.6270291,-0.19499032,0.43962798,0.3372124,0.011031558,0.26782513,-0.40836924,-0.3666953
45,0.9197164,-0.2797503,-0.4732193,0.5964899,0.281428,-0.48615533,0.83365655,0.07066804,-0.6859733,1.4781284,-0.061459374,0.34396255,-0.10842864,0.83814883,-0.7367138,0.17008807,0.51167154,-0.6673044,-0.10492206,-0.09945305,-1.1885027,-1.4541305,0.855026,-0.59739524,-0.79600674,0.6036039,0.6193983,0.48769042,-0.9784411,-1.0445259,-0.08595318,0.23418693,0.8740899,0.6078414,-0.810137,1.6308169,0.54660046,0.22270113,-0.34164596,-0.234023,-0.8717919,-0.057866722,0.6093215,1.1333202,-0.34198487,-0.107009664,0.30411333,-1.5506676,0.30222872,-0.16829257,0.36607966,-0.09273806,1.1262592,-1.0012506,-0.3070436,0.10098446,-0.2794546,-0.42633885,-1.2142234,0.35457942,-0.26589447,-0.9004883,1.0787814,1.3246981,0.07389912,-0.45669976,0.27676484,-0.4757054,0.76057893,-0.4450085,-0.74160767,0.025383439,0.7295567,0.70373976,0.59864014,0.05498853,0.2236733,0.9143587,0.012081221,0.52228,0.7249519,-0.5313943,-0.4266627,0.40586993,-0.8847949,0.6566383,-0.4716606,1.2358131,0.3115111,0.4184249,0.24205464,-0.24129078,0.7682642,-0.3819695,0.3274471,0.11172461,-0.0781359,-0.5219594,1.05462,0.056672715,0.066570565,0.83297855,-0.16462548,-0.4493142,-0.41056055,-1.234285,0.14633454,-1.0574923,0.75133866,-0.07259043,-0.62884295,-0.60209066,0.42010415,0.041146245,-0.25318965,-0.20758788,0.42185494,-0.677098,1.256034,-0.93767315,0.1161349,0.50853956,0.40708512,-0.5842534,0.33332407,-0.33856913,-0.6095446,-0.055612057
46,0.23751572,-0.8080017,-0.40375468,0.93065155,1.0739387,-0.35395464,-0.39413378,-0.62299436,0.32874447,-1.0105063,0.3991559,0.92694175,-1.9431591,0.47289944,-0.42264375,-0.028905766,-0.1280834,-1.0044454,0.20033376,0.09865337,-0.46672827,-0.89443755,-0.56133443,-0.7843597,-0.120792165,0.71000403,-0.05400435,-0.7251299,-0.26791564,-1.4180108,-1.0813831,-0.17833538,1.3895068,-0.13799867,-0.24830396,1.1818812,0.89907056,0.44082466,0.70700264,0.05143063,0.66852266,-0.16907066,0.49080434,0.21943675,0.09639145,-1.1518689,0.6947278,0.10758141,0.2098858,0.66642356,0.315664,0.6394922,-0.2402748,0.008102547,-0.15403594,0.22099827,0.5701791,0.5818443,-0.108080596,0.26669815,-0.57116103,0.3890126,1.2724447,-0.38317382,0.67209595,0.01733641,-0.112518504,0.21753141,0.47026116,0.020817373,-0.862121,-0.26560837,0.0116465,0.2286296,0.47529092,-0.8310248,-0.25993395,0.34368637,0.28610456,1.034996,0.7692409,-0.081068814,-1.2006849,0.7554709,-0.63954717,-0.053574923,0.39362064,0.3445686,0.109966755,0.13594238,-0.08008948,-0.8056906,0.21735844,-0.17013037,-0.2738437,-0.14991581,0.3314259,0.4564689,0.32605094,0.31103924,0.5716607,-1.0854596,-0.16932535,0.59276974,-0.30052736,-0.46361548,0.39328164,-1.2634451,-0.040276863,-0.23871201,0.8823456,-0.4171039,-0.38403055,0.48006216,0.18451254,0.6217897,-0.045093995,-0.45780376,0.36775643,-0.5638285,-0.553878,-0.7196134,-0.14765126,-0.6533516,0.19269522,0.47336882,-0.261743,-0.06892905
47,-0.017178122,-0.23799759,-1.2249347,0.9156354,-0.9611364,-0.15250638,1.0400786,0.0014649938,0.4418593,-0.11578906,0.2833134,0.91168076,-0.4312597,0.010779374,1.0686127,0.8742823,0.89053065,-0.5926005,-0.2983769,0.6761261,0.54065245,-0.5697289,-0.20594129,0.12523255,0.64911723,0.16346507,1.1147119,-0.36986777,-0.81928205,0.10777102,0.19562651,0.20210037,0.43918088,0.004932094,0.17299423,0.9065895,0.6014906,-0.36221567,0.2734976,-1.4045895,-0.14096859,-0.9415231,0.05269371,0.7898625,-0.3311813,-0.64036876,-0.514853,-0.28584436,-0.40752497,0.8027281,-0.29097995,0.9061755,0.32945302,0.083779305,0.0864361,-0.2914174,0.84481007,-0.21168791,-0.4102291,-0.3446615,-1.151215,-0.9480801,1.1408771,-0.00091513526,0.14866707,0.4123172,0.12686555,-0.025693,0.99743164,0.73418635,-0.3459583,-1.3667202,-0.07997488,0.32517406,-0.24161659,-0.95129234,-0.75409365,0.9150218,-0.6001782,-0.5482166,0.65894425,-0.3005254,-1.6567298,0.65369976,0.45211887,1.0179715,1.4250542,0.13583933,1.3060834,0.26790044,-0.4821144,-0.6670246,-0.15614817,0.54633695,-0.32390666,0.071101114,-0.16576214,-0.1960378,1.3242024,-0.18791002,0.5298422,0.40662313,0.29700598,-0.9418392,-0.48365733,-0.4686466,-0.04825561,-0.85747343,-0.015556652,-0.51904523,0.9099569,0.014896822,-0.38006952,0.012167568,-0.060536645,0.25434068,-0.41091353,-0.7175276,-0.73695916,0.49033263,0.15533848,0.90701085,0.2089502,0.23721686,-0.06425132,0.39869592,0.7621813,0.53714865
48,-0.011380967,-0.36242795,0.27485666,-0.0880187,0.2762286,0.47630396,-0.20095876,-1.0898913,0.045381326,-0.6747051,0.42733094,0.3200243,-0.6495273,0.17332643,-0.51240116,1.1097089,0.13407382,0.007110006,-0.9020673,-0.8462622,0.16946672,-0.20920625,-0.2983951,0.3301001,0.34517172,0.38427055,-0.08233027,-0.4560536,0.26709318,0.4558127,-0.745365,0.1157352,1.1564628,-0.79375035,-0.7548579,0.65735114,0.045360554,-0.00421403,-0.1646816,-0.46480766,-0.09896268,-0.38794747,0.7322985,0.14822578,0.28930077,0.06134957,-0.24303101,-1.1074452,0.5637838,0.18152054,0.5890324,0.22935492,0.40408653,0.10728382,0.22864787,0.12888984,1.304299,-0.4237073,-1.033949,1.0833611,-0.0112253325,0.1318128,0.2877967,0.63483316,0.9673184,-1.3845769,0.2678271,0.089976355,-0.56174785,-0.6971898,-1.2577658,-0.87657434,-0.2535646,0.114199445,-0.055301443,-0.8476671,-0.4814117,0.9485176,-0.8741448,0.82707363,0.045263555,-0.50301874,-0.36442697,0.84690166,0.49422592,0.18219344,0.373492,0.8511125,-0.871649,0.61288345,0.7751201,-0.48260847,0.0033609415,0.82254994,0.519737,-1.051712,0.12533948,-0.22941422,0.650932,-0.5343961,0.85404897,0.53755647,-0.80169964,-0.012088034,-0.27625075,0.4987625,0.18228157,-0.30238494,-0.41420487,0.18555315,0.103699476,0.6404769,0.0207564,0.302548,-1.0102571,0.08642003,-0.09522714,-0.4348466,-0.13065796,0.7850974,-0.32895762,-0.8575249,-0.28945765,-0.44231474,0.4729455,0.53465056,0.393373,0.31045383
49,0.33995432,-0.56014365,-0.111191966,-0.4512863,0.64992803,0.015753202,0.14895812,-0.17240033,-0.09898414,-0.47297105,0.23585036,1.269046,-0.538756,0.3022958,0.04810422,0.50680065,0.5040557,0.8667866,-0.5651139,0.34753588,-0.24112508,-1.2013483,0.17654371,-1.6001493,0.5074331,0.21100736,0.798214,-0.27434736,-0.52298623,0.10795532,-0.20815174,0.7503986,0.024922322,0.034312762,-0.5817846,-0.37047794,-0.99407554,-0.07977932,0.3119776,-1.2535557,-0.34356076,-0.3965566,0.69567,1.3620164,0.26997423,-0.008573154,-0.1341908,0.6041505,-0.49886262,0.74907404,0.8088975,0.35400808,0.26888463,0.39643657,0.18638617,0.6577694,1.4114434,-0.22034375,-1.0951099,0.61037064,-1.0731454,-0.25249186,0.61018187,0.36051995,0.46433294,-0.27739114,0.5221608,-0.31779018,1.0468538,0.15384507,-0.41091442,-1.0993291,0.10348061,-0.2858178,0.35106793,-0.6907432,-0.9209372,-1.4948967,-0.8694117,1.3957939,0.4507858,0.7246019,-1.1474372,-0.24614297,0.059020836,0.15435861,1.2243694,-0.40567923,1.1044576,-0.4236637,-0.32416576,-1.3062894,-0.19536324,-0.23859185,-0.016538963,-0.1551297,0.18961923,0.24419835,1.0669066,-0.15503766,-0.07468616,0.2625808,-0.18067503,-0.047687978,0.39198667,-0.277722,-0.99768686,0.24920604,-0.32157433,-0.5467114,0.8077367,0.31352034,-0.2457926,0.12044395,0.23339942,0.7352694,-0.761956,0.11046814,-0.0120007675,-0.3737396,-1.3841757,-0.83976877,-0.21105643,-0.51071864,0.088336125,-0.2560699,0.108854204,-0.9060147
50,0.84502226,-0.14674878,-1.0948193,0.85719144,-1.1442872,-0.7565585,0.866659,0.12514065,0.6832996,-0.18268128,-0.6730692,0.32892767,-0.66223615,1.1843156,-0.03717885,0.73464125,-0.4223692,-0.062067945,-0.3048115,-0.43867162,-0.26746634,-0.54999584,0.37851736,-0.04697051,-0.6049424,-0.1641229,-0.12029889,0.67457324,-0.7002009,0.09636561,-0.72609335,-0.810814,0.85016155,0.567053,-0.9829483,1.1924584,-0.47670516,0.15975128,-0.28438023,0.35893154,-0.8200833,-0.4974835,-0.10778358,0.16913582,-0.4979364,-0.5645415,0.12562042,-0.0031685657,-0.4561488,-0.18233873,-0.5499853,-0.055721954,0.7716394,-0.54358846,0.7892275,-0.9487688,-0.087079175,-0.6953411,-1.1910418,1.157149,-0.38529843,0.6503304,0.09208219,0.6595271,-0.29991522,0.50286645,-0.33170116,1.0923322,0.5791875,0.58885175,-1.0095278,-0.506453,-0.34204426,0.1893289,0.50321233,0.24639572,0.12143893,0.59506136,0.13612707,0.7145673,0.16238116,-1.3693689,-0.59949565,-0.7010979,-0.5568962,0.573353,-0.3894151,0.3386388,0.2068678,0.13768466,0.7087391,0.32378265,0.4858877,1.158627,0.46692508,-0.576502,-0.22822936,-0.048370667,0.6665389,-0.1908165,0.6397285,0.06328677,0.4716342,-0.81304187,-0.14619051,0.26715052,0.79159766,0.15779178,0.36904088,0.6178539,0.15338628,-0.44630468,0.3062292,0.17744583,0.5125934,-0.40691754,-0.4662965,-0.03844065,0.25712186,-1.0825111,0.17635591,-0.09139276,0.45288786,0.45997417,0.22892077,-0.02338644,0.33939722,0.5941159
51,-0.08473035,0.21966645,0.071180455,0.78775924,0.55404466,-0.44356203,0.93918115,-0.49434078,0.38895687,0.29365617,0.7796449,0.9160955,-0.2792813,0.37085196,-0.7350787,0.64583886,-0.28954905,-0.30753374,0.21057926,0.3617364,0.634847,0.13322973,-0.5890334,-0.050811533,-0.6314252,0.3331892,0.9690171,-0.36118937,0.16157854,-1.1660112,-0.18409842,-0.17980081,0.84188664,-0.8068062,-0.58264506,-0.16594104,0.3904941,0.60955316,1.3821629,-0.49276194,-0.46015102,0.26684064,0.9576046,0.4933284,0.895024,1.0216385,-0.055266067,0.3182167,-0.08448254,0.7541757,-0.5257837,0.46374795,0.8586863,0.23740958,0.7948192,-0.80581206,-0.05962473,-0.89724964,-0.82544726,0.15809691,-0.087364964,-0.38627008,1.0753014,0.7368461,0.6051364,-0.39576837,-0.13143674,-0.7634545,1.0620537,-0.27206293,-0.2907688,0.258429,0.1289929,-0.76723266,0.5526974,-0.34027806,-0.14462398,-0.12609166,-1.3457352,0.49938858,1.0607085,-0.72702396,-0.56180143,0.40203184,0.13510531,0.6362427,0.63161016,-0.66795653,-0.22938283,-0.0039371983,0.35956904,0.20248428,-0.29096162,0.63266826,0.24837936,-0.22688563,0.84611213,-0.32377577,1.0044914,0.15291128,-0.42714906,0.29290673,-0.34810558,-0.35268193,-0.1835347,-0.066282466,0.08210257,0.469177,-0.8116358,-0.6736821,0.111292146,0.07743515,-0.09400241,0.15444484,1.021042,1.1683972,-0.2964435,0.3169705,0.13380241,0.3729434,-0.4265369,0.3870868,-0.54581547,0.04077696,0.39557278,0.27853334,-0.35148397,-0.14519955
52,-0.50910056,-0.4270124,-0.07349449,-0.0728454,0.13653229,-0.9781159,-0.0854083,0.004840945,-0.49247554,0.04716653,0.06838048,0.94210917,-0.12900473,-0.33601293,0.75923723,0.7263598,-0.58668786,0.52015257,-0.4713924,0.11939537,0.5904151,-0.32360655,0.3386944,-0.32072443,0.49872535,-0.40393373,0.560493,-0.47147393,0.80230653,-0.072559625,-0.19720873,0.7091578,1.1951506,-0.14284523,-0.9153456,0.43371272,0.41036054,0.25881895,0.10426925,0.23296164,0.123172864,0.0241882,0.8509724,0.31540537,-0.2639153,0.7945741,-0.45584273,-0.71231514,0.35904112,-0.6731225,0.41275698,0.24735168,0.17397298,-0.33844554,-0.19482228,-0.9612956,0.17032996,-0.037940975,-0.40504664,0.97009045,0.030611636,-0.09537443,1.2025801,0.08541179,0.7385564,0.29856935,-0.16874555,0.4369445,0.5277125,-0.36231676,-0.45353308,0.10249727,0.9312706,0.20581703,-0.13662663,-0.5257391,0.07771064,0.27393743,-1.1555017,0.43659756,-0.6457937,-0.2063765,-0.50824624,-0.59000695,0.66948605,-0.26593167,0.9757689,0.63453126,0.07616491,-0.4423913,0.07423824,-0.72561646,0.26333535,1.3962679,0.23252626,-0.17228763,0.43836606,-0.111787185,1.3626087,0.18892212,-0.09644485,-0.8024863,0.060471937,0.2210485,-0.49938783,-1.0277458,0.49607375,-0.76610994,0.5081621,0.025873132,0.86243385,0.2520946,0.04024052,0.67297894,-0.03896533,0.9578374,0.20091605,0.19820493,-0.08236099,0.45239794,-0.09726292,-0.13345858,0.1729271,-0.039716102,0.6885604,0.84417814,-0.24614868,-0.0806138
53,-0.10797864,0.43873233,-0.5649373,0.094053656,-0.3370044,0.29107118,0.8546857,-0.42649063,-0.43543822,-0.13364464,0.1559939,0.30976424,0.0474526,-0.1030499,-0.42444766,0.72164184,-0.52630305,0.045754995,-0.28761658,0.20852773,-0.016300958,-0.74641615,-0.35801283,-0.2391396,0.69188714,-0.06568119,1.2400862,-0.7564955,0.41894665,-0.6909625,-0.8207586,0.8961461,0.61853856,-0.23406263,-1.1305599,0.55600387,0.14785866,0.19398837,0.18777776,0.17976934,0.19164021,-0.9356341,-0.19916372,0.8761112,0.26869845,0.5503267,-0.6864741,-0.046192143,0.48046142,0.39792255,0.54854786,0.38234603,0.041708425,-0.4317061,-0.11202024,-0.86869,-0.6179692,-0.17931658,-0.06417064,0.7519006,-0.40902483,0.7418113,0.55112183,-0.106940284,0.57946646,-0.70283484,-0.1658968,0.8673446,-0.28451374,0.72206414,0.4509221,0.10249768,-0.52405757,-0.3559026,0.29790002,-0.5596995,-0.3223581,-0.37556794,-0.8931936,0.4318319,-0.040554665,-0.8603463,-1.3117377,0.28258732,0.33646652,-0.12842005,0.2561441,-0.61732435,-0.31060168,-0.39711493,0.36447087,-0.6518226,-0.11001942,0.20209642,-0.4578011,0.056941357,-0.61908424,0.05753868,1.268111,0.66255975,0.15701427,-0.054517455,-0.64764476,-0.35187417,0.7750577,-0.88261163,-0.828838,-0.27845195,0.31809258,-0.3544483,0.5796587,0.27403304,0.5781001,-0.030674785,-0.625107,0.12780899,-0.93602586,-0.27813306,-0.66311103,0.16351292,-0.3198566,-0.39219677,-0.49186856,-0.5736223,-0.1478809,0.6514947,0.22358409,0.765296
54,0.4004407,-0.74758404,-0.087947264,0.04817537,-0.47822723,-0.048298534,0.43920165,-0.22643213,-0.43070957,-0.43888098,1.4933642,1.1369299,-0.7207687,0.38735425,-0.26640773,0.1693435,-0.3566191,-0.4908531,0.07402942,-0.56989306,0.23656915,0.4470076,-0.48956046,-0.81223136,0.08465336,-0.23500656,0.35647058,-0.45668298,0.22182022,-0.37409902,-1.0053256,-0.7485204,0.338675,-0.49349102,-0.5177151,0.35271877,0.11311526,0.3875654,0.7685834,-0.5179898,0.054663826,-0.2384044,-0.037246943,0.22375573,-0.21761641,-0.37490258,-0.5657961,0.3119047,0.08909568,0.12439176,0.93726504,0.05755843,0.52687395,0.49794778,-0.69125336,-0.7690914,0.6898277,0.10665094,0.053138364,0.3131039,-0.25303444,-0.43790925,-0.22291905,-0.23995326,-0.30093005,-0.32988462,-0.6614019,-0.088674545,0.6139945,-0.8516052,-0.28107727,0.8258614,-0.3370952,0.24875976,0.8834749,-0.38467163,-0.46857816,0.53622615,-0.44181398,1.7955654,0.77053607,-1.1050526,-0.4090409,0.22968782,-0.14142686,0.86107683,1.2991593,0.92121655,0.32157633,0.7347155,0.32293162,-1.2172556,0.06922451,0.56235117,-0.18799238,1.4419371,-0.8105352,0.52399445,1.2796022,-0.2687006,0.80203664,-0.519954,-0.08430265,0.50988245,0.3134844,-0.93498355,0.03780537,-0.35240576,0.38780043,-0.2682986,0.6258974,0.60146946,-0.038542625,0.23054308,-0.6692302,0.15784293,0.404365,-0.26340625,-0.31699663,0.77176964,-0.41287556,-0.19440201,-0.5355796,-0.11584634,-0.6709768,1.1009537,-0.51440245,-0.042148583
55,-0.17265745,-0.20352958,0.5410613,0.12066366,0.28618565,0.21780941,0.7359813,0.07048544,-0.020301519,-0.6474919,-0.047291987,0.85446286,-0.0039300676,-0.47003812,0.25065374,0.07055184,-0.4250426,0.1319242,0.1681561,-0.16777508,0.29007283,0.5109575,0.5332996,-0.69865507,0.7678606,-1.1071634,-0.084144026,-0.17992787,0.79404604,-0.3353234,0.1722017,-0.46599692,1.034712,-0.018596116,-0.7952664,-0.118834,0.34789756,-0.069541946,0.38735855,-0.5706345,-0.38263103,-0.19494961,-0.019710194,1.118276,0.6646412,-0.45483515,-0.28926143,-0.72284514,0.51047534,0.26722506,-0.21340363,0.43753666,-0.30329844,-0.67472285,-0.19713338,-0.4258431,0.4094649,-0.8960558,-0.91785294,0.060882047,0.107105754,0.035948005,0.06656608,0.2420265,-0.022684814,-0.91632116,0.042086747,0.82511514,1.0268893,-0.49126667,-0.73709476,0.031428758,-0.4589767,-0.028490711,-0.3265163,0.3354107,-0.7553984,0.32585293,0.29932132,0.6503053,0.2166301,-0.9510829,-1.203644,-0.33833668,0.15652867,0.20009898,-0.09455813,0.70476305,0.40463233,-0.4920825,-0.5411918,-0.37683997,0.3835507,0.71526486,0.022570584,-0.48556983,0.122386545,0.575362,1.1368691,-0.26224917,-0.0497192,0.57811016,-0.4810141,-0.35041854,-0.031658772,-0.6333154,0.29770204,-1.0124452,-0.6401595,-0.6113162,0.1876595,0.24370971,-0.45840216,-0.44802526,0.48958474,0.7336193,-0.5662309,-0.07672397,0.33167163,-0.03210913,0.15544255,-0.10618822,0.31255943,-0.89777386,-0.22939268,0.50573695,-0.16385598,1.2600174
56,-0.34758696,0.51023483,-1.0917269,0.4564819,0.22196412,-0.61449444,0.12285065,0.37573364,-0.47427797,0.12684587,-0.14367618,1.2780235,-0.5377355,0.8032584,-0.39369175,0.9639604,-0.87655103,-0.4327561,0.321803,0.33670932,-1.0242785,-0.070914656,-0.83517015,-0.09060323,0.92656964,-1.0642916,0.9339291,-0.29463956,-0.17039615,-0.21847574,-1.374873,-0.21392676,-0.08151386,0.726788,-0.7106873,0.21042354,0.25466257,-0.15217292,0.57456046,0.24760549,-0.2801691,-0.8640649,0.06744381,1.3568506,1.0673752,-0.22557987,0.18262765,-0.50659895,0.5754289,0.94660336,1.3345795,0.6367103,-0.19301187,0.17564288,0.42052808,-0.661362,0.48214749,0.43619192,-0.10598305,0.37126577,0.39138228,0.4089325,0.23986226,-0.37495515,0.28003582,0.2530846,0.08240709,-0.58445686,0.69390064,0.07122548,-0.15784603,-0.11606389,-0.11086842,-0.7476045,0.74617624,0.18046394,-0.3831498,0.91453385,-1.3680835,0.54073095,0.12801619,-0.5834353,-0.09240731,-0.096126445,0.45604905,0.16270803,0.7789455,0.06898477,-0.36361596,-0.28859818,0.6854843,-1.4643775,0.4174477,-0.24231297,-0.7489464,-0.13852438,0.4947398,-0.32552314,0.49173218,-1.3352002,0.32142973,0.51546216,-0.21732908,0.7258864,-0.80888635,-0.15983252,0.94130516,-0.73543674,-0.9432307,-0.3974287,1.3499974,-0.3822726,-0.560495,0.119313255,0.006858654,-0.387663,-0.62859493,0.4801688,0.17417647,-0.09310367,-0.6737056,0.3309481,-0.1827353,0.64068913,0.27352604,-0.80072933,0.4233126,-0.12923293
57,0.024515994,-0.45969927,-0.43670905,0.57153034,-0.3631398,0.6138923,1.0843285,-0.37560907,-0.037073754,0.530467,-0.0639093,1.3498013,-0.9723989,0.11028208,-0.12604392,0.09340654,-0.34312284,-0.5253347,0.35163847,-0.72029454,0.8290885,-0.48096633,0.27121666,-1.2731225,1.239878,-0.022706814,0.9739534,0.35720572,-0.30363563,-0.6153317,-1.0923293,-0.61462337,0.6617139,-0.3853687,-0.60093635,0.8916617,0.5647469,0.37116015,-0.002370812,-0.24147603,-0.034513507,-1.0411851,0.21854877,1.3952249,-0.19155075,0.22079964,-0.020832397,0.27362996,-0.20469593,0.12730758,-0.12718508,-0.31683508,0.8625405,0.39354473,0.52407545,-0.3172039,0.50306964,-0.6546937,-0.54541445,-0.08736444,-0.6467231,0.021192245,-0.25531366,0.038397454,0.48585263,-0.42423746,-0.49184838,-0.04860759,0.972567,-1.5779765,-0.085014455,-0.5668089,0.2705145,0.7239639,-0.8611624,0.32561415,-0.076110594,-0.86384493,-0.8963306,0.5747145,0.5874041,-1.1072557,-1.1982579,0.25847903,0.6005163,1.2958615,-0.3887697,-0.78090274,0.77354795,-0.13718243,0.59229755,-0.66458935,0.40151227,1.3205714,-0.4758767,-0.0057315687,0.6884336,-0.037314832,-0.24334912,0.31355545,0.08100852,-0.33593255,-0.9208313,-0.2051346,-0.43650845,0.3449763,-0.45248917,-0.34157652,-0.515391,0.49277154,-0.38170177,-0.2968376,-0.032261115,0.096998855,-0.53787446,-0.0046334364,-0.25194395,0.04320561,0.090727314,-0.10861189,-0.82043445,-0.3723362,-0.5994056,0.23429899,0.57246184,0.04726459,-1.0952077,0.31174073
58,1.1472752,-0.62624705,-0.068562225,1.2061416,0.36257353,-0.30598032,-0.10157893,-0.36110416,-0.9589001,1.2811557,0.4067574,0.12606084,0.3525625,0.32028288,-0.24987923,0.98799497,-0.65419054,0.13222262,-0.40058753,0.45269847,0.2383212,-1.3318468,-0.36897188,-0.67901725,0.23572508,0.59153014,-0.09433176,0.50321144,-0.87704337,-0.5902098,0.15983038,0.17398475,0.7088793,0.90102786,-0.87511367,0.41784954,-0.4934175,-0.20713684,0.6108155,0.6758368,-0.016805058,0.15400517,-0.54523396,0.13075285,0.07612032,-0.21040976,0.89266366,-0.6537404,-0.24345115,0.17756645,0.68898314,0.39002052,0.37549105,-0.41109478,0.2545477,-0.651315,0.3917426,0.48990133,-1.0880576,1.2184374,0.08902314,0.45688292,0.5652326,0.5854491,-1.0119268,0.018803714,-0.3552545,1.0823945,-0.2261801,0.6870205,-0.9837884,-0.028128155,1.1125085,0.33833027,0.76322055,-0.122054756,-0.6856333,-0.020625062,0.1990608,0.6188014,0.28899476,-0.3194984,-0.5529522,-0.3768752,0.62251735,0.13872242,-0.2738831,0.22798994,-0.33164537,-0.88707995,1.1294743,0.36602068,0.7536464,0.93148863,-0.103271075,-0.24261971,0.010058362,0.41445705,1.6616316,-1.0978931,0.78484327,-0.060341038,0.06419216,-0.45423573,0.69254804,0.123614006,-0.23697145,-0.63744223,0.25085178,0.26240054,0.011366837,0.3251115,0.47574517,0.57139045,-0.14172697,0.034548365,-0.13982296,0.15944496,0.46128827,-0.3984008,0.5742788,-0.029419433,0.046728846,0.44080806,-0.26184395,-0.009822334,0.72796303,-0.16893616
59,0.50672567,-1.0185919,-0.12320838,0.4923693,-0.095787965,-0.606344,0.83230793,-0.19148476,-0.44327348,0.72602904,-0.3273011,0.8071192,0.25031957,0.8108404,-0.7229449,1.316872,-0.33250454,-0.68815607,-0.23889466,-0.86262584,-0.6687391,-0.32187438,-0.11954061,0.629487,-0.8629323,0.14153336,0.9132967,-0.095198736,0.6117054,0.20670633,-0.009394263,-0.2531854,0.9601461,-0.0844945,-1.0195826,1.3018584,-0.6450338,-0.08863963,-0.10767853,-0.59150946,-0.35612708,0.71987855,-0.0331532,0.3472298,-0.07819055,0.72523475,-0.29671052,-0.4388363,0.398837,-0.77348024,0.6036415,0.19562085,0.76707274,-0.48538095,0.19750252,0.006189391,0.24323547,0.5134684,-1.1080606,1.0376793,-0.14254995,0.5894555,-0.17488958,1.01118,0.47727767,-0.3740226,0.17038281,0.0908173,-0.41364884,0.2455752,-1.4591813,-0.91603273,0.32760763,1.0361781,0.64371175,0.06780985,0.26081094,0.25056532,0.45107543,0.0437174,0.55411524,-1.4519204,-1.1765218,-0.49718612,-0.1390453,0.80549085,-0.063898146,0.20388459,-0.27966473,0.10218692,0.25582454,0.15039152,0.96161383,0.5496139,-0.2489578,-0.51842344,-0.45079365,-0.67084086,0.37111807,0.108211644,0.54169863,-0.76436305,0.5353519,-0.8138949,0.723566,-0.41737336,0.4322912,-0.90746987,0.34224305,-0.59476185,-0.43988574,0.7822989,0.90488726,0.5805065,-0.56399757,0.22110063,-0.6354034,-0.36191848,-0.20778821,-0.38926232,0.8643779,0.38602373,-0.18958218,-0.8600008,-0.29087088,-0.076842174,-0.26785478,-0.17587817
60,0.3412773,-0.20810898,-1.2740432,0.009816625,0.3757688,-0.21672803,0.27367538,0.43649772,-0.49008852,-0.16702911,1.2778802,0.1820702,-0.254234,1.1317785,-0.45928606,0.24537134,-0.27468613,-0.6735283,-0.3932135,0.87344533,-1.2004044,-0.5517609,0.2576534,-0.98918307,0.92544085,0.38004768,0.77335864,-0.25560898,-0.91175866,-0.74683344,-0.8470357,0.2782094,0.121551976,0.2012069,-0.70649964,1.3614757,0.5035178,-0.32140508,0.9023851,0.39383793,-0.13517545,-0.6354035,1.0055968,1.6838032,-0.16233237,0.92825586,-0.7881126,-0.19030294,0.8100149,0.16831018,0.6727646,0.7213077,0.33605298,0.16872925,-0.49702284,0.27116925,0.3767844,-0.28498566,0.18692854,-0.7677916,-0.24859872,-0.07481435,0.600685,0.7067287,1.4620131,-0.77236736,0.8069232,-0.45848763,0.4571392,0.16773514,-1.2928163,0.44913656,0.17297372,-0.47766376,-0.204407,-0.3065898,-0.22675599,0.32800657,-0.11383115,1.1028947,0.5506995,0.3554235,-0.37555218,-0.12332054,-0.23040271,0.5035,-0.5327192,0.82015,0.2264932,0.46933085,-0.19406824,-0.5564533,-0.40426338,0.03958464,0.28918108,-0.48044056,0.47367892,-0.12217849,0.9060407,-0.14834732,0.44732812,0.6683976,-0.27259508,-0.079395905,-0.52529395,-0.60613185,-0.12344848,-0.9370507,-0.7079297,0.20248245,0.16104266,0.32321087,-0.29732,0.9303046,-1.1451507,0.21328111,0.39033762,-0.021455687,-0.18590932,-0.42293945,-0.20205945,0.50648594,-0.698329,0.08531128,-0.236448,0.58135474,-0.6961298,0.5583039
61,0.5526265,0.67868024,-0.15423723,-0.14628062,-0.16001518,-0.06592131,0.90827787,0.43314528,-1.2420512,-0.68331456,0.38708332,0.4860984,-1.0186977,0.43925828,-0.32244205,0.6661564,-0.8394556,0.37943238,-0.68016833,0.62302816,-0.4370852,-0.51963615,0.42780554,-0.22510527,0.3641073,0.5091915,1.2967459,-0.5366241,0.41845357,-0.01367995,-0.3907443,-0.11606399,0.4930911,-0.9325116,0.16979098,0.29973766,-0.14229308,0.39880675,-0.16263941,0.45151392,0.85131323,-0.26578367,0.6160456,1.4632255,-0.6830946,-0.08567623,0.359454,0.3841493,0.2739728,-0.14851008,0.30820727,-0.9457108,-0.0011314893,0.32301143,0.1968697,-0.6357993,1.1117607,-0.6466152,-0.8866786,0.6464821,-0.66523284,-0.29703704,0.9944765,-0.62232745,-0.92840844,-0.41358447,0.22488233,-0.19199641,0.83508426,0.09857762,-0.09058691,-0.56271267,0.2663179,-0.37112626,-0.15852335,-0.25517318,-0.754366,0.05088524,-0.3250954,0.38573387,0.66352385,-1.267759,-0.19304627,0.87804866,0.46212387,0.59003043,-0.047206044,0.8389964,-0.16801538,-0.09087367,-1.2728586,-0.69217247,0.09679488,0.68004555,0.01396486,0.20316622,-0.3109605,0.55238485,0.8805508,-0.8925086,-1.1601816,0.023486072,0.0971158,-0.25035506,0.060174894,-0.83991164,1.4724914,-0.71368706,0.11557829,0.54104716,0.4070249,-0.45737082,-0.10910232,-0.56919336,-0.5874825,0.4438361,-0.59960383,0.43711716,0.0036036267,0.812197,-0.65156865,0.4783347,-0.24376208,-0.93839306,0.15858994,0.37518924,-0.35008937,-0.09158453
62,0.7937533,-0.84607154,0.07268882,0.07761739,-0.5975771,-0.0836374,0.45104355,-0.18657456,0.23932946,-0.9506982,0.4130845,0.8175724,-0.29275697,0.50040865,0.023464862,0.48487195,0.3513596,-0.7986273,-0.35539174,-0.56008166,-0.49110562,-0.031192858,0.5951632,-0.51435226,0.69086426,0.3370951,0.55324364,-0.9930953,0.7891086,0.49174508,0.111899324,0.2524856,1.4257411,0.6320868,-0.093489885,1.4273906,-0.44743243,-0.030428214,0.536582,0.03918782,-0.30640373,-0.57324594,0.4574032,1.2772771,0.2171946,0.7935026,-0.32456,-0.1930412,-0.4150892,0.62072337,0.046534818,0.41803432,-0.15841706,-0.22187047,-0.32880124,-0.89566326,0.8734209,0.2063145,-0.43181473,0.98885804,0.16595331,-0.1355373,0.6019731,-0.43252861,0.6978393,-0.25092852,-0.35816872,0.75982696,0.51734406,-0.7641211,-0.93694896,0.47251534,0.45285493,0.037591554,-0.10885227,0.18335904,-0.008303819,0.3609392,-0.31811205,0.15756957,0.17562398,-0.10665818,-0.23919623,0.1644492,0.46056712,0.92196345,0.9233776,-0.23383652,0.31746992,-0.060921837,0.17001703,0.017637104,-0.24830954,0.74390304,-0.41273308,0.20314923,-0.05137718,-0.57395697,0.24743876,-0.45932043,-0.43086043,-0.34184524,0.17247185,-0.009925221,0.99453163,0.5835543,0.31609493,0.27755624,-0.9850861,-0.8204798,-0.5809,-0.35024118,0.17679358,0.7106102,-0.2852186,0.989069,-0.38906217,1.1286099,-0.42041656,0.59285253,0.06865746,0.095474094,-0.42342368,-1.3107742,0.06786636,-0.3791209,-0.18910775,1.0333694
63,0.19163775,0.32633096,0.93417096,-0.20377955,0.38495895,-0.17411897,0.7252963,0.13393152,-0.5553781,-0.92399305,0.36653063,0.9320035,-0.4410813,-0.08548421,0.15754141,0.5514649,-0.17766635,-0.62224066,0.07588375,-0.67085683,0.24030393,-0.42736027,-0.55820113,-0.28323525,0.47364682,-0.22167759,0.8862224,-0.5366903,0.4795248,-0.17018616,-0.57505965,0.7023914,0.557757,-0.5941924,-0.10583955,1.2357252,-0.06580437,-0.11048916,0.6354089,-0.5378681,0.30461356,-0.62330174,-0.57771105,0.4014148,0.7797733,-0.09952752,-0.04123258,-0.524136,0.42220035,0.49241403,-0.09421114,0.66789806,0.60901815,-0.2495515,0.83194405,-0.0011153413,0.7995566,-0.32935286,0.088735096,0.16766666,-0.33384565,0.68559694,-0.15360388,0.47451654,-0.021670999,0.1591686,-0.493976,0.10556159,-0.5164874,0.11258899,-0.427966,0.024826912,0.42645758,-0.12146854,-0.11305441,-0.6337667,0.17993745,0.47209272,-0.48478168,0.71733826,-0.31605077,-0.30995417,-0.9071094,0.230322,-0.542004,-0.35201448,-0.63000304,-0.731476,0.43728808,0.26461026,-0.34481454,0.38725376,0.9020978,1.141588,-0.8682487,0.78625077,0.07845707,1.0032336,1.1447045,-0.71532214,-0.07553959,0.3233629,-0.018625747,0.31887105,0.12835714,0.09922431,0.5275053,-0.60483605,-0.90719247,-0.10047278,0.92714244,0.18654196,0.18220656,0.81163824,-0.26221985,0.6986481,-0.842805,-0.089206524,-0.09762797,-0.11548513,-1.0522938,0.5394905,-0.5317341,-0.9175165,0.57785064,0.31163272,0.46134204,-0.33702028
64,0.24552274,0.8236187,-0.4495989,-0.11035591,-0.30216104,0.52565086,0.018885465,0.883534,-0.07437096,-0.6672827,0.34997728,0.18825418,-1.1089836,-0.28599733,-0.7233628,-0.48977292,-0.23424998,-0.64571327,-0.51183003,0.7090124,-0.3659592,0.06622144,0.47175246,-0.7682174,-0.25234964,0.18507437,1.4806181,-0.28644288,-1.1370413,-1.2150866,0.08986288,-0.9975023,0.53572273,-0.46038803,0.30481133,-0.23861569,0.03247079,0.90788096,-0.66061383,-1.1340731,-0.60303557,-0.82435,-0.33943978,1.227028,-0.1620436,-0.14291184,-0.26900676,-0.9565792,0.2934426,0.7116969,0.124201074,0.81757486,-0.57870317,0.21758068,-0.6976814,-0.6071631,0.9745772,-0.42514035,-0.83032423,0.65480304,-0.3148642,-0.024131322,1.1320745,0.17071535,0.3791358,0.7936194,-0.091747515,0.009584547,0.99183476,-0.8690698,0.7699713,0.0329115,0.9096085,0.7697186,-0.42104623,-0.32780743,-0.5982123,-0.061810147,-0.7977793,0.38158414,-0.50229317,-0.3280143,-0.39579025,-0.15975423,0.6869344,0.45308226,1.6111704,-0.306575,0.47133636,-0.42397913,0.2192833,-1.3757612,-0.30131188,0.040970396,0.37369168,-0.032296985,0.25264606,0.37213624,0.5769354,-0.7281322,0.6694519,-0.046461202,-0.67404485,-0.40217176,-0.2416715,-0.7120615,0.9006129,-1.2440193,-0.24411385,-0.05299811,0.5205586,0.54288507,-0.7279333,0.32829732,-0.83023024,0.090703465,-0.45864114,0.2249751,-0.017475141,-0.08933318,-1.0172068,-0.4823302,-0.20221803,-0.7322017,0.7022361,-0.3345819,-0.17703524,-0.009550054
65,0.5306055,0.14323191,-0.796802,-0.19691132,0.66764677,-0.36574495,-0.63806146,-0.23536608,0.15995787,-1.3407794,0.9515571,1.4232184,-1.2721727,0.35874674,0.1703754,1.3753871,-0.10477226,0.549647,-0.15053762,0.22575103,-0.39838025,-1.3599981,-0.29806355,-0.1471984,-0.17717664,1.0032907,0.9436414,-0.36020756,-1.4540471,-0.26924083,0.18559797,0.08229673,1.0216731,-0.5351592,0.20693761,0.84346914,0.010395941,-0.29327637,-0.3053814,-0.5423211,-0.06591005,-0.17171896,0.06676745,0.8450983,0.6031575,-0.015793946,-0.12797536,0.4054594,0.62180066,-0.030892678,0.7152597,0.6740405,0.9589171,0.7256199,0.20168184,0.11174856,0.92569715,-0.401709,-0.9185954,0.65343827,-0.0553882,0.07583733,-0.6989694,-0.13722551,1.0517299,-0.43300408,0.21417053,0.15891884,0.4331007,-0.94638675,-0.17517675,0.5815121,0.07516247,-0.0890067,0.4246488,0.020159075,-0.39299282,0.4840842,-0.79414916,1.0216117,-0.38925824,-0.37385646,-0.03055007,-0.4595846,0.69328225,0.7499894,-0.07230532,0.70543957,1.0360577,-0.37413314,-0.22583804,-0.62035954,-0.38442445,0.89131975,-0.26105604,0.3325124,-0.13425487,0.5269332,0.042692896,-0.06664155,0.10852904,-0.043862354,-1.601447,0.384006,-0.76563555,-0.8505294,-0.1896495,-0.8386583,-0.79842055,0.014422465,-0.06700606,-1.0592446,-0.17291375,0.17475599,-0.27003875,0.15320839,-0.28834125,0.38127857,-0.5860433,0.9820399,-0.90343624,-0.83958185,0.00088229065,0.21584468,-0.068137944,0.3939605,-0.7307778,0.49625814
66,-0.25230876,-0.1145061,-0.47614262,-0.21266428,0.8529188,0.1927907,0.8456579,0.66755503,-0.85558033,-0.17293218,0.66097677,0.76339644,-0.16565001,0.867615,0.47803712,-0.6130988,0.061698865,0.38311493,-0.41021815,-0.9303991,0.3783329,0.4554506,0.4049925,-0.64459264,0.24844658,-1.0145416,0.9199755,-0.5557544,-0.5595006,0.33408314,-1.0175846,-0.022861024,0.5736131,-0.16627367,-1.2199552,0.8965887,-0.548884,-0.30757836,1.0362177,-0.08752399,-0.040417872,-0.92254436,0.11416191,0.6479884,0.48953974,0.3555793,-0.54052484,0.01814874,-0.26485306,0.5971626,0.08052141,0.0036448324,-0.18192653,-0.21434829,0.51636046,-0.66377467,0.9729395,0.19153124,-0.70786583,-0.19007383,-0.356535,0.3933942,0.69738257,-0.5269051,0.78539634,-0.4644282,-0.6385728,0.2475092,0.28787017,0.88853633,-0.071416795,-0.6423901,-0.2812669,0.23845842,-0.35894665,-0.63754034,-0.30015188,-0.12121962,0.14197065,0.07429046,0.767619,-0.7895202,-0.9827588,-0.030234765,0.12368726,-0.44299373,0.8062274,0.7036764,0.65772545,0.3750471,0.14513637,-0.6618657,-0.1927016,0.8784503,0.5070821,0.2171509,0.5915769,-0.20790121,0.6035463,-0.855998,-0.44867074,-0.0906482,0.32087502,0.20958185,-0.1329929,-0.031098183,-0.20111127,-0.47195658,-1.0566165,0.8514798,-0.50996226,-0.49521977,-0.30871612,-0.1631783,0.7812139,-0.09338196,-0.0717698,0.3266759,0.1397224,1.0197952,-0.86549443,-0.6580483,0.12540312,-0.7726467,0.9272858,0.0915513,0.20416005,-0.4350532
67,0.45365873,-0.19469292,-0.82804203,0.6971082,-0.9322247,-0.2842781,0.25736603,-0.51028824,-0.2417225,0.25095344,-0.17070587,0.9049717,0.23614731,0.045586422,-0.56573445,0.38063297,0.47077683,-0.666333,0.6259403,0.24934088,-0.6573106,-0.0028035406,0.6533671,-0.19100663,-0.82442653,0.06650624,0.52249604,1.2560098,0.5797828,0.1727099,-0.73438084,-0.64635843,0.85676664,0.514607,-0.9674323,1.4342754,-0.394143,-0.1787225,0.22457314,0.34396866,-0.58251965,-0.8828219,0.51491654,0.15082812,0.69025165,-0.6635674,1.4731148,-0.55936897,0.48144767,0.4696507,-0.0034086187,1.0114949,1.1322641,-0.44092703,-0.25311124,-0.7564175,-0.017272418,0.13538226,-0.77806646,0.3301567,0.21639225,1.0199106,0.7354845,1.1421558,0.034856968,-0.37866402,-0.3535118,0.72057045,-0.13529217,-0.12692656,-1.134501,-0.539674,-0.5629773,0.49665156,0.9164102,0.12675269,-0.6631785,0.33614147,-0.61790425,0.2999151,0.57173085,-0.6738087,0.18956906,-0.03025649,0.060811047,-0.60193455,-0.88979256,0.5692431,0.79093534,-0.4005305,0.3974997,-1.2911981,0.44923195,0.7676972,0.398219,0.049122263,-0.71605194,-0.40403804,0.7063229,-0.5952943,-0.07987912,-1.0161183,0.555185,-0.13519827,-0.78945524,0.63465315,0.4642869,-0.7049748,0.44408825,-0.39838827,-0.013883136,0.6562206,0.17760229,0.8784229,-0.6313617,-0.58904153,-0.6987667,0.6737455,1.0556641,-0.43875733,0.18678306,-0.53964263,-0.054525793,0.027040461,-0.952352,0.17960124,0.957826,-0.8299001
68,0.3068166,-1.0086565,-0.53567207,-0.22667314,0.77763045,-0.32409132,-0.17214894,-0.34151566,0.055634435,-0.5286733,0.06214,1.1024549,-0.6785319,-0.113815576,-0.10998937,-0.08854334,-0.9518823,0.42933014,0.63341385,0.13745615,-0.78911096,-1.253988,-0.29944876,-1.0531517,-0.30049112,-0.28009257,0.71955556,0.20386493,-0.63865674,-1.4463546,-0.28088832,-0.31600538,0.13034776,-1.1878161,0.104475655,1.1117969,0.7660892,0.49193785,0.25747123,-0.7355506,0.2318882,-0.7973974,0.2710915,0.39545682,0.5120081,0.39909548,-1.3866557,-0.46542782,-0.32463363,0.7755574,0.26505333,0.2538169,0.8760567,0.099696614,-0.74992955,0.293748,0.9797057,-0.3278626,-0.19333291,-0.28326428,-0.27343097,0.5740833,1.0088116,0.3300267,1.0048132,-0.7809781,0.8156658,0.8880553,0.54209393,-0.031318285,-1.0085614,0.6634826,0.99804807,-0.22662841,-0.35749155,-1.134564,-0.5510049,0.15629008,-0.48441574,-0.6078205,1.5788004,-0.09500371,-0.16006811,0.032710385,0.72172135,0.15613303,0.23085286,-0.08175602,0.5796406,-0.05648429,-0.54119134,-0.4359382,-0.060323607,0.9254901,-0.3400486,-0.3640982,-0.3292627,0.3314651,1.0098351,-0.085589424,-0.4257683,-0.34926933,-0.7697178,0.2713744,0.94730383,0.7841913,0.13332583,-0.46476215,-0.09056663,0.15464112,0.8454422,-0.21597624,-0.28027505,0.4851491,-0.41893286,-0.041261468,-0.61207247,0.44023722,-0.055342987,0.27332947,-0.7724216,-0.28534642,1.236953,0.46676227,0.0330595,0.53918946,0.6616715,0.4799726
69,0.21869439,0.3282549,-0.29964218,0.50334334,-0.012314899,-1.023468,0.6600457,-0.23662083,0.20156598,-0.22282857,0.78504676,0.31012902,0.22653045,0.7944285,-0.38622072,0.50194025,0.3840961,-0.45755532,-0.32451183,-0.19138259,0.5812758,0.05239818,0.15194823,-0.8669271,-0.22419892,-0.5358475,0.5339871,0.38436812,-0.034836516,-0.5349484,-0.2992152,-0.7655692,0.7810691,-1.0162667,-0.47618467,0.32332987,-0.18915936,0.37022397,0.78070873,-0.9878439,0.8580144,-1.1556355,-0.20960711,0.7437136,0.41732937,0.22868283,0.012988454,-0.64778084,-0.32704526,0.27120784,-0.12905334,0.57044315,0.37040573,-0.6122692,0.41202328,0.55281556,0.9642,0.5798111,-0.111774355,0.49715486,-0.20826723,0.034925647,1.3003823,-0.48737612,-0.06328957,-0.54463995,-0.07836863,-0.28842556,0.5515012,-0.3007942,-0.80089706,0.37126988,0.94828665,0.29473838,-0.31198993,0.7854957,-1.0460124,0.44184253,-0.40015727,0.7903429,-0.43949565,-0.95482355,-0.55284077,0.55413795,-0.6845401,0.20426275,0.52869713,-0.75870633,-0.5165478,-0.47223234,0.4828836,-1.13575,0.015112738,0.8025963,-0.75412744,-0.6083235,-0.5691773,0.114747636,0.41673723,0.019783583,-0.37445602,0.87945324,-0.3080184,-0.22899178,-0.57145804,-0.41255075,-0.2208765,0.0013375641,0.13063633,0.093268536,0.5349152,0.92895025,-0.6047052,0.12537676,-1.0898322,0.4391318,-0.39238167,-0.23598446,0.5279697,-0.074123256,-0.8902223,-0.8358076,0.36872593,-0.38778165,-0.36810395,-0.20869145,0.64005023,-0.42370096
70,-0.1310905,-0.3667722,0.0827396,1.3180159,-0.4755972,-0.27404442,1.3106339,-0.5709803,-1.1336733,0.16782893,0.9660579,0.18374489,-0.19355562,0.38616326,-1.0673047,-0.005670525,-0.46631655,-0.13342457,-1.0672072,0.8284904,-0.39010578,-0.5356282,-0.09360667,-0.23573902,-0.6780603,-0.4664154,0.99804634,0.096617885,0.33143392,0.057335023,-0.6297028,0.5697236,-0.22583295,0.6637683,-0.48751566,1.6857989,-1.126193,-0.08888741,0.6005915,-0.6012868,-1.2542887,0.3602728,-0.94232184,0.997494,-0.22453901,-0.9220815,-0.17444019,-0.6778756,-0.3607867,-0.12362025,0.08647398,-0.34618226,1.2616428,-0.7298424,0.19222668,-0.47785908,0.35526574,0.5668463,-1.4062132,0.3183478,0.93479043,0.42211908,-0.29536638,1.2260543,-0.31593657,-0.15832719,0.15659764,-0.24630043,0.3466761,-0.3404111,-1.0303041,-0.020417754,0.93372387,0.90660566,0.53136444,0.68311024,0.28343394,0.7405401,0.556618,0.44005978,0.48376703,0.18867894,-0.5537599,-0.3154647,0.19033675,0.6893164,-1.3581297,0.43773055,-0.11818045,-0.26802343,0.67564195,-0.3912953,0.18583986,0.94601005,0.070040986,-0.8962154,-0.53035307,0.0035381354,1.3067967,-0.82335573,-0.13466388,0.17713544,-0.57029974,-0.38574874,-0.028782196,-0.185464,0.7942293,-0.34065974,0.48345253,0.32198626,-0.0039628143,0.1889172,-0.17205033,0.09258834,0.586885,-0.11924201,-0.56926197,-0.21690713,-0.17238732,0.52336687,0.23675856,0.06527031,-0.16459885,0.1242674,-0.5275062,0.9546194,0.26171845,0.09872798
71,0.9088191,-0.6872759,-1.109346,-0.29596105,0.04637753,0.26438662,1.0667027,-0.009333512,-0.26665637,0.6775543,0.35933447,0.72446084,0.17329791,0.8056091,-0.7354303,0.7322464,-0.1708011,-0.3252512,0.5917058,0.7116413,-0.9229957,-0.61913437,-0.43251467,0.19734171,-0.49595302,0.7724824,0.45580646,0.34118232,-0.886939,0.46712753,-0.23187615,0.03688209,0.1072252,0.17423345,-0.3347409,1.511073,-0.49414995,0.001721917,0.34006947,-0.36611924,-1.8057933,-0.20516215,0.14800645,-0.0037357805,0.9416804,0.17804798,-0.17499095,-0.62963676,0.43606007,-0.41637754,0.47763577,0.28114253,0.8038323,-1.261827,0.56213915,-0.26570213,-0.3695663,-0.40503535,-0.84425014,0.50976926,0.8530875,-0.3542856,0.21831445,0.10948243,-0.94794244,-0.2724204,-0.08679247,0.56246084,0.19583228,0.46034566,-0.19343497,0.45918256,-0.18121916,0.508238,-0.20757748,-1.1201811,-1.1442028,0.20613192,0.6124857,0.78445524,0.12507392,-1.5491928,0.15060908,-0.12652169,-0.4050558,0.11132171,-0.3260268,0.7653545,-0.5989182,-0.2675299,0.20943801,1.0109901,0.13455918,0.41681615,0.06888584,-0.27498174,0.88668793,0.3030262,1.6473523,-1.3932481,-0.5344134,0.91266555,0.6148146,-0.42483258,0.57109696,-0.5757556,0.46663794,-0.66284394,0.32746172,-0.3888061,-0.57145095,-0.45001957,0.44665775,0.6672155,0.48657095,-0.40502784,-0.7986677,0.63481915,-0.14591095,0.7243076,0.49263364,-0.8395382,0.53088045,-0.5738921,0.13591027,-0.1535766,0.20455831,-0.37140995
72,-0.069828756,0.4746381,-0.13079311,0.9638552,-0.80181766,0.27051592,-0.07248055,-0.0038272159,-0.5910807,-0.78971314,1.2070376,1.3780301,-1.1780405,0.07836791,0.21510196,0.05281931,-0.019577965,-0.6163589,0.096769966,0.20250121,-0.1984917,0.59850204,-0.15486485,-0.8809317,-0.3140567,0.35276705,0.82629174,-0.5565077,0.7079315,-0.84178853,-1.5525589,0.536278,1.6195222,0.22291599,0.097986445,0.13783926,0.018859228,-0.7012761,0.93799144,0.47941187,-0.27074143,-0.8729855,-0.07405615,0.5425324,0.35234162,0.26472586,-0.08919909,-0.5738366,0.2576398,0.7549082,-0.31421077,0.48310858,0.0900836,-0.16932704,-0.4537898,-0.16659097,-0.3687876,-0.2890694,-1.3174992,1.0492841,0.06383748,0.8152079,0.14782827,0.2176341,0.61643696,0.3050627,-0.07573446,0.8882582,0.7138231,-0.15115407,-0.8262656,-0.028775249,-0.2753968,-0.28166196,-0.7249042,-0.95133793,-0.4400964,0.43520826,-0.13645883,0.6721034,0.2638891,0.24529472,-0.68862885,0.36739132,0.2703444,0.7475597,-0.060535617,-0.22512837,0.51635325,0.9423041,0.77549523,-0.8469783,-0.20810068,0.24952666,-0.00028208178,0.6349477,0.86155045,-0.068140075,0.7415264,0.13759331,-0.9989842,1.0602329,-0.12477254,-0.17714672,-0.029502159,0.42897162,0.4863153,-0.31223223,0.27397084,1.0509877,-0.1759724,-0.5236115,0.021595152,1.1970565,-0.4400252,0.2946555,-0.50954276,-0.16555005,0.61138177,0.169904,-0.23019484,-0.3343298,0.46173352,0.3589112,-0.12537536,0.0452853,0.98453355,-0.31783873
73,-0.37559545,0.50324064,-0.66853464,0.19044378,-0.045006517,0.64956105,0.01786792,0.16771778,-0.23827115,-0.34315357,0.8128041,0.5221639,0.21510379,-0.31060067,0.051813968,-0.108928524,0.046157375,0.24058941,0.22099496,0.49831107,-0.78874254,-0.30526483,-0.6130428,-0.6928819,0.6068722,-0.24978475,0.3770618,-0.7434821,0.5120145,0.46116996,-0.51266515,-0.19466504,1.0501084,0.58835226,-0.2889808,1.3815572,-0.25959674,0.49587598,0.18719509,-0.88537705,-1.1048657,0.18999085,-0.50681305,1.0075061,0.3837857,0.63409364,-1.1279999,-0.41561577,-0.010738411,0.14392094,-0.74784875,0.39229485,0.20374836,0.21182542,0.6894106,-0.27061102,0.7532149,0.21598218,-0.6901502,0.044870898,0.2234223,-0.032637462,0.31657445,0.6518564,0.24539252,-0.52654403,0.19317983,0.6245201,0.14331362,0.53574175,-0.1287389,-0.15302634,-0.033483017,0.049896315,0.4922159,-0.5427343,-0.8028969,0.59137464,-0.97944593,0.31008914,-0.024352469,-0.7362467,-0.19962974,0.45629907,0.45062158,-0.51227313,0.71864355,0.321117,-0.26498327,-0.46890345,0.2385466,-0.51559514,0.5528647,0.95991015,-0.62188053,-0.5441861,-0.28838134,0.35112888,1.084056,-0.32585582,0.34096295,-0.3573137,-0.7033187,0.5575691,-0.75172716,0.414281,0.4192666,0.2735397,0.48055312,0.38666525,0.2870804,-0.19058983,0.0048955404,0.13534725,0.32030916,0.84814376,-0.2103051,-0.43386054,-0.2810903,0.24494071,-0.9335599,-0.11320932,-0.48933306,-0.35178873,-0.8394211,-0.122425355,-0.6646547,-0.12192673
74,1.2127612,-0.48154062,0.21767305,0.3864194,-0.42396873,-0.462225,1.3769823,0.058612347,-0.17873769,-0.56833583,-0.3731129,1.1772336,-0.9401928,0.38598862,-1.2202542,-0.4588501,0.25813916,-0.99729764,-0.8431004,-0.17799821,-1.0417756,-0.8090244,-0.5455535,-1.2651331,0.17224084,0.8910791,0.8756912,0.05610952,-0.7074931,-1.0169154,-0.2346809,0.23501049,0.40613163,-0.3666005,-0.7111281,-0.037254915,0.39306074,-0.21739638,0.8559023,-0.62718356,-0.3410966,-1.0337452,0.04859969,0.35487717,0.18055472,-0.3643605,-0.8653254,0.0004816634,-0.26502678,-0.24726063,-0.12797387,0.052343234,0.1067624,0.44268444,0.49659726,0.55109864,0.3588039,0.3229709,-0.038330134,0.60288113,-0.35073817,-0.7015132,0.28002733,-0.8277269,1.2657354,-0.9449787,0.29152593,0.06662386,0.5305827,-0.8648823,-0.031076385,-0.16130805,0.93536353,0.4974028,-0.5437609,-0.28596544,-0.37137765,0.6342215,-1.0950445,0.1349573,0.6739549,-0.36014283,0.19345433,0.3337253,-0.09965672,0.48343447,0.60696274,0.24101971,1.0832757,0.8027397,0.21820684,-0.24304597,0.8558909,0.7998221,-0.112433665,-0.6836196,0.29847166,0.09742282,1.1560693,-0.14118573,0.3632281,0.24947292,-0.4167185,0.89140356,-0.85059464,-1.5133768,0.32557073,0.52077633,-0.58696,0.42462346,0.46848717,-0.19235834,1.0181173,0.47180793,0.31604668,1.100352,0.10824216,-0.41251305,-0.22498445,-0.65645796,0.17684844,-0.35080203,-0.0053343712,-0.82706404,0.13945366,-0.14052513,0.24262066,-0.9623609
75,0.5883661,-0.48002738,-0.34019756,-0.24667487,-0.86145663,-0.13833359,1.1488847,-0.13240302,-0.55299866,0.004802416,-0.1500026,1.0980235,0.2739746,0.24065983,-1.5025139,1.0703167,-0.43262702,0.27838415,-1.1418211,-0.35418564,0.29132447,-0.388375,0.1967376,0.4862954,0.37459186,0.885274,0.6945355,-0.5934508,-0.5892111,0.06687666,-0.33957797,0.5088885,0.48671728,0.40156522,-0.21764386,1.1528411,-0.49035737,-0.63272977,0.16861755,0.16679062,-0.5991256,0.029771518,0.3795677,0.91282713,0.39795545,0.07539784,0.21653509,-0.65644664,-0.27677447,-0.5598985,0.4406874,0.34555933,1.0259005,-0.6989167,-0.8064465,-0.49909684,0.34405133,-0.16288392,-0.6666425,0.6805506,-0.89091116,0.16857973,0.660794,0.29998717,-0.09632768,0.45073166,-0.56307983,0.80681527,-0.2821971,0.43036538,-1.8246901,1.0874599,0.9552787,0.46101105,0.37165633,0.5526642,-0.84032476,0.8966472,0.8418684,-0.054853365,0.9512961,-0.5490813,-0.67318594,-0.27891335,-0.7653881,-0.105310194,-1.4284978,0.8415819,-0.27835354,0.20518884,0.6090144,-0.1865798,-0.65920955,0.36975712,0.33936277,0.69912505,0.54353505,-0.17321117,0.9806455,-0.88384676,-0.62422776,-0.104944386,0.40164205,-0.36189526,0.07142974,-0.3207579,0.2681075,-0.23376694,0.5213729,-0.23207583,0.36760923,-0.20561422,0.5139044,-0.28099295,0.3360066,-0.7273315,-0.8997545,0.0163482,0.6386668,-0.9231894,0.8161961,0.281047,0.39931923,0.045474514,-0.14518371,0.35124865,-0.9167161,-0.12763554
76,0.77231944,0.018903937,0.4155602,1.2492491,-0.82797563,-0.54568505,1.2938474,0.6636337,-0.30962607,0.31442785,-0.7526989,0.6133954,0.29799154,0.86004966,-0.8796867,-0.3890568,-0.23258893,-1.3047259,-0.23500407,0.0020285284,-0.65686494,-0.61505157,-1.0988102,-0.6576218,0.66494304,1.4362075,0.968203,-0.0015671871,-0.84297913,-0.53301746,-0.30082512,-0.94186133,0.32011187,0.19485092,-0.16500892,1.1825908,-0.98542887,-0.8532558,0.15396991,-0.685899,-1.5460963,0.11067944,-0.47730392,1.2395996,1.1562539,0.3063507,0.61053705,-0.8518852,-0.10553973,-0.23860739,-1.0092733,-0.26023915,0.5991399,-0.07152663,-0.27171886,-0.46097448,0.25923312,-0.7013043,0.6051475,1.5577785,0.2643008,-0.2321006,0.091516905,0.034676865,0.4025992,-0.22308755,0.19746879,0.74453104,-0.71014243,-0.95327234,-1.1164832,0.26405612,0.6319849,-0.3132105,1.4631977,0.00699343,-0.8199844,0.7420275,-0.05450301,0.19241744,-0.34629342,-0.59400535,-0.85425526,0.2839545,0.3230406,0.5516477,-0.33083972,-0.5901629,-0.48001903,-0.5433804,0.6050627,0.38284057,-0.17600228,0.1795949,-0.02933234,-0.36197302,0.26059222,0.64785194,1.3701128,-0.58317405,0.9574808,0.0038755059,-0.04085884,-1.346064,-0.48785666,0.38758895,0.4936646,-0.47973537,-0.091378935,1.629316e-06,-0.3236496,0.33625782,0.5899058,1.0564202,0.1747395,0.3298291,-0.6590574,-0.041782357,0.98168814,-0.36284196,0.99775064,-0.23974344,0.6094983,0.0950251,-0.39518607,0.09106238,-0.40432423,0.058787294
77,0.5198216,0.692719,0.6288281,0.58065206,0.8596446,0.011058431,-0.15509877,-0.056386884,0.24142087,-0.16006814,0.2656917,0.7761802,-0.23222086,0.53722245,-0.28121477,1.2270954,-0.2691451,-1.0635079,-0.17370784,-0.26571527,-0.08345093,0.25262737,-0.14269686,-0.7698785,0.99635136,0.022166096,0.95886445,-0.48971054,-0.13112272,-0.35599947,-0.2988619,-0.37151897,0.44737417,-0.41990083,0.2444721,-0.17099568,-0.49291736,-0.3275573,0.65101,-0.6357261,0.12266341,-0.72727185,0.4645819,0.05631855,-0.07450036,0.26042506,-0.7054116,-0.64642763,-0.36452678,-0.6571951,0.4895059,0.10242603,0.7058264,0.37057444,-0.5887491,-0.46992788,-0.42213973,0.628349,-0.72425437,0.8239954,0.12654983,-0.48888385,-0.09134324,-0.09127137,-0.14090699,-0.08046693,0.37780467,0.32860383,0.39859995,0.857474,-0.936798,0.71416837,-0.3659771,0.11893603,-0.51714164,-0.8110335,-0.80974936,0.41419917,-0.4444269,0.78681874,0.13981208,-0.96660405,-1.3176166,0.028922193,0.5540276,-0.13364477,-0.5416679,0.19971687,-0.03231346,0.17802039,-0.5029703,-0.54949784,0.7274223,0.72392195,-0.43926898,-0.23161717,0.15911455,-0.69599193,1.1308384,-0.6955329,-0.2842782,-0.27614954,-0.1532613,-0.3084956,-0.9075194,0.61430925,-0.083144024,-0.13169663,-0.061390676,-0.6063716,0.56441,-0.23487431,-0.50259274,0.31469676,-0.33886385,0.15289882,-0.40927365,0.63527083,-0.8586502,0.58729345,-0.74781924,-0.75162053,0.32940748,-0.9870239,0.35502005,0.49082792,-0.58729666,0.036753815
78,0.58219886,0.7263647,0.17074978,0.58487755,-0.31222364,0.47105882,-0.08090909,0.89287305,-0.7425897,-0.23210095,0.7914985,0.77403116,-0.4167209,-0.32163253,-0.5118195,0.8104055,0.03138066,-0.80941904,-0.1174641,-0.35517105,-0.3359537,-0.68630683,-0.083698325,0.055925623,-0.25664976,0.2297558,0.74374187,-0.9002522,-1.4531322,-1.4621476,-0.7968674,0.52008444,0.12692893,-0.13638404,0.621785,0.02661075,-0.53058016,-0.2925349,0.20949617,-0.42520565,0.028433992,-0.59172523,-0.19672564,0.8013901,0.312326,0.079229504,-0.58489096,-0.0027400479,0.16103812,0.46082985,-0.48774227,0.096536905,0.14135675,-0.92426085,-0.33268023,0.17208973,1.0672458,-0.2840279,-0.7985866,1.1857363,-0.70142096,0.7900621,0.46139848,-0.38061905,0.4501885,-0.45199677,-0.57697517,0.10503302,0.79330426,-1.1198034,-1.0458014,-0.17329578,0.23022582,-0.35619298,0.6066559,-0.66345525,-0.3345928,0.3163935,-0.2375352,0.9770294,-0.15449533,-0.056680866,-0.99419653,-0.8285942,0.2595164,0.20844282,0.16447893,-0.0007149036,0.42861643,-0.08822146,0.13882259,-0.76985484,-0.09072873,1.378557,-0.36169314,0.2253424,-0.2035606,-0.69872576,0.9433601,-1.4091989,1.0715641,-0.7912052,0.53682053,-0.44484133,-1.0980607,0.18427874,0.29585287,-1.8499485,-0.44715998,0.2927221,0.59745663,-0.40557215,-0.073310286,0.3316886,0.09151791,0.49592537,0.663303,0.2716214,-0.105166465,-0.43496722,0.56085545,0.79955953,0.31233096,0.5644313,-0.34744373,-0.19891596,-0.21039483,-0.3226074
79,1.2354274,0.2934681,-0.23478396,0.5334787,0.13021328,-0.6833201,0.73432434,-0.607792,-0.17404737,-0.11324245,-0.39976093,1.3195581,0.35978854,1.2922249,-1.173637,1.1759238,-0.6746342,-0.9994886,0.5139633,0.1412033,-0.31005377,-1.2455006,0.023844203,0.14092207,0.833693,0.27146417,1.1580192,0.15109944,-0.32224876,0.7274728,-0.7456095,-0.561948,0.36763093,-0.94636035,-0.30652988,1.6293592,-0.6752143,0.16040143,0.57305676,-0.21712075,0.10138076,0.25982025,0.22548112,0.15302703,-0.013160218,-0.10510923,0.3213799,0.21372388,0.028390743,-0.60384154,-0.23236302,0.6759068,1.4357066,-1.0938781,-0.09687285,-0.5046581,0.029208167,-0.013259605,-0.7696648,0.38143578,-0.5075806,0.596465,1.2221425,0.19219437,-0.16297078,-0.36126718,-0.07713322,-0.6269494,0.4092576,0.6934794,-0.9058395,-0.69676876,0.5015374,0.04002413,0.4206593,-0.16755137,-0.2219833,0.47000787,0.33227018,-0.12701589,0.6435678,-0.8196018,0.51273435,-0.25851142,0.71592736,0.11430869,-0.4262369,1.1431175,-0.18354245,-0.40884787,0.3468012,0.100391075,0.35538703,0.42550454,0.7064889,-0.29592633,0.48755065,0.14615758,0.8593274,-1.1979601,0.45518944,-0.26122868,1.1123223,-1.3221282,0.66135854,-0.7937965,0.4479176,0.0002864843,0.45505133,-0.057836827,0.0036772501,0.5952768,0.24687141,-0.47882074,0.3748253,0.7549114,0.65311074,0.49569407,0.19111422,-0.3287727,1.0320152,0.62551206,-0.7145491,0.50417876,0.29161856,-0.22889264,-0.8209358,-0.29674944
80,1.5574133,-0.21750301,-0.29749063,0.42855895,-1.1035483,-0.33276972,1.002953,-0.67280585,-0.04188995,0.9416845,-0.2505598,0.80598843,-0.6957972,0.7025945,-0.65012276,0.33423027,-0.20711622,0.27413237,-0.17439723,0.61343193,0.84285134,0.48374155,-0.14129725,0.36626983,-0.18973644,0.66431344,0.67690384,-0.0043889936,-0.3413385,-0.33386543,-0.54474986,0.26604125,0.64783585,-0.04243399,-0.6441979,0.6957357,-0.39918563,-0.008693073,0.41350117,0.26901567,-0.33303693,0.5825441,0.6714033,0.9798639,1.3303494,-0.3570279,0.2381236,-0.37825277,-0.09642996,0.63049036,-0.38937354,0.29760164,0.8345139,-1.596444,-0.13320678,-0.75464356,0.64619523,-0.33888254,-0.55485195,0.49728465,-0.11063908,0.108855404,0.28353742,1.3912504,0.062564425,-0.27393505,0.45489132,-0.32341793,0.59001344,0.27642933,-0.55224663,-0.050448824,0.8482214,0.8197586,0.10273611,-1.1696285,0.08469413,-0.057593383,0.9240841,0.50336087,0.6333205,-1.1058137,0.07960541,-0.030424062,-0.8573952,0.7503897,-0.9983115,0.21608807,0.31811625,-0.7773845,1.1182519,-0.3458941,-0.013252517,0.21562201,0.63472915,0.025837403,0.15194933,-0.8107852,0.08665257,-1.6819321,-0.379778,0.29963583,-0.25443324,-0.5800439,-0.5451079,0.5296659,0.5698204,0.45558882,0.5644645,-0.70241195,0.1121457,0.09935538,0.13617225,0.69539905,-0.47252095,-0.48745933,-0.8699185,0.47075778,1.2376368,-0.31743965,0.44488534,-0.5740984,-0.3917761,0.14380692,-0.3315521,-0.27202123,-0.07620186,0.56473917
81,0.35933086,0.096368544,-0.30372214,-0.72127,-0.7680715,0.58144873,0.69698197,-0.116925225,-0.61049175,0.048253383,1.2723147,0.3935601,-0.5146356,0.58812076,1.0266387,0.34059858,-0.47274423,-0.7222093,0.36006957,0.26214716,-0.69798976,-0.074542165,0.15339755,-0.030626595,0.10222192,-0.3645431,-0.5173379,0.5105654,0.8119565,-0.37183565,0.22652413,0.4126809,1.2828997,0.4038156,-0.3398372,0.25034785,-0.6116984,0.2228532,0.31072545,-1.075903,-0.74946874,-0.28537717,0.54859954,-0.061174,-0.11140981,0.010419696,-0.4910201,-0.26519573,-0.1616578,-0.2867675,0.27690944,0.87944174,0.645062,-0.47920245,-0.079026036,0.123501204,0.751296,0.24287947,-1.2514733,0.45857486,-1.2229062,0.04011253,0.014427134,0.22602773,0.16901459,-0.6501997,-0.20540345,0.26273313,1.0111285,0.72159606,0.21616079,0.75750756,-0.05615404,-0.5448469,-0.7625364,0.49880627,-1.4037623,0.7709716,-1.6266928,1.3726741,-0.125,-0.6996237,-0.31768954,-0.40208194,0.7424172,-0.29458335,-0.26405314,-0.24243473,-0.22478262,-0.30951154,0.41234395,-1.4885962,-0.29697785,0.2629527,0.23105744,-0.0019588906,0.80510277,-0.6676975,0.61786616,-0.6647424,-0.12355431,-0.3405637,-0.37744445,0.47199064,0.2879274,-0.5154869,0.0486717,0.055922844,-0.7123957,0.15567021,0.4086559,-0.8967392,0.12759212,0.4155426,0.5954214,0.8261866,-0.6370985,-0.22142096,0.27821794,-0.1319053,0.07744747,-0.8803223,-1.0671641,-0.9561868,0.45919874,1.1456404,0.44295397,0.1587434
82,0.46149397,0.24093838,-0.7062139,-0.2215366,-0.39487374,-0.5055456,0.46504027,-0.09517867,-0.97020614,-0.3704326,0.20642243,0.16024816,-0.6950127,0.47859678,-0.41065744,0.62286013,-0.42207476,0.33021626,-0.9985717,0.13943648,-0.023528146,0.38841236,-0.39288545,-0.019479506,0.074783266,-0.4110501,0.76793593,0.049183145,-0.17918779,-0.17459041,-0.030247344,0.34883884,0.84935933,-0.076832525,-0.8629353,0.6804885,0.1799109,0.6303333,0.22876063,-0.094752565,-0.7880316,-0.65705884,0.124951266,0.009262912,1.0830494,0.772508,-0.6595395,-0.88459706,-0.71377367,0.2838329,0.047274616,1.0202334,-0.42999616,-0.069420405,0.72304,0.36290312,0.7200264,-0.29390243,-0.76564956,0.3927302,-0.25041062,-0.45450237,0.49198085,-0.3510778,0.12604158,-0.59800774,0.21291147,0.9600561,0.5851994,-0.034069702,-0.347081,-0.5713864,0.4244544,-0.66333085,-0.31529778,-0.09969016,-0.22043127,0.45848557,0.16121043,1.0874866,0.2858109,0.14803135,-1.4129125,0.81308746,0.2602543,-0.31908852,-0.48769063,-0.4078978,-0.62382466,-0.09955999,-0.47732642,-0.87976927,0.8748664,0.27489522,-0.23296158,-0.2284386,0.1346436,0.9341453,1.3054428,0.3921703,-0.39797214,-0.74969006,-0.13634343,0.4281787,-0.061327357,-0.25111067,-0.21296974,0.47069275,-0.47920516,-0.7453024,0.2211925,-0.22966906,-0.114517614,0.13383423,0.2609677,0.121555686,0.343883,0.73096806,-0.33056697,0.81966597,-0.291467,0.056981437,0.4310106,-0.0070159463,0.018386554,0.08288259,0.054671127,0.25102976
83,-0.5597488,0.17323118,-0.49145204,0.3246594,0.10256801,0.07324696,0.5214375,0.25967073,-0.5480292,-0.32715067,0.25622767,-0.21337056,-1.0373757,0.14576925,-1.1438855,-0.099623725,-0.06885756,-0.71354884,-0.11647345,0.3304598,0.1812183,0.64911485,-0.075276285,-0.7278921,0.57483685,0.20563255,1.5665693,-0.26308972,-0.4029849,-0.3942889,-0.47966588,-0.92672163,0.35679692,0.36160827,-0.25368044,0.20211138,0.45319623,0.20356198,0.09357901,0.18911257,-0.14802735,-0.74028605,0.51710474,1.3350122,-0.55250156,0.070147105,0.19610746,-0.032953396,-0.37475687,-0.5213458,-0.118214,-0.26921868,0.1443712,-1.1665107,-0.059066635,0.14968188,0.49293926,-0.7777287,-0.26585928,0.55308205,-0.81745255,0.45257065,0.67514277,-0.10766412,-0.47586295,-1.382788,-0.24376537,-0.10999966,1.185894,-0.13654438,-1.3071375,0.5684093,0.9617616,-0.46396187,0.222071,-0.5330723,-0.060727015,0.4543079,-0.92504585,0.6858505,-0.3124949,-0.4041729,0.07217249,0.7022087,0.7545088,0.090836965,0.57152164,-0.35519803,0.5571993,0.6351622,0.46565455,-0.061969995,0.8999275,0.3476869,-0.58623946,0.16846214,0.29609537,0.924626,1.7543626,-0.85932827,-0.3253189,-0.288868,-1.0613058,0.03497576,-0.09645061,-0.83477664,-0.56153965,-0.67537314,0.19747546,-0.39335546,-0.4205499,-0.80547416,0.609753,0.9061165,-0.43316236,0.78933626,-0.16841726,-0.44353843,-0.007660584,-0.28163493,-0.62722516,0.2542947,-0.5164544,-0.29659462,0.12858841,0.42958787,0.7825181,-0.015749872
84,0.086289614,0.13655873,-0.5690421,0.35107335,0.84894145,-0.31570214,0.5975173,-0.07030017,-0.054790113,-0.40052855,0.9522639,0.46674964,-1.3833483,0.35964516,-0.7507762,0.6617544,-0.896176,0.2689647,-0.045804903,0.03555248,-0.30405128,-0.40811884,0.19438688,-0.12834297,0.5602048,0.16510966,1.0195218,0.16947731,-0.10277332,-0.28426877,-1.1218991,-0.4651466,0.8605595,-0.31071293,0.34124196,0.8041733,0.43095174,-1.4012997,-0.1808555,0.09889913,-0.69216555,-0.0472126,0.84519714,0.82723373,0.20178446,0.30002213,-0.8488589,0.38690665,-0.63345784,0.15884957,0.91713125,0.28572828,-0.0057229986,0.06385687,0.15130493,0.22907138,0.34488744,0.68876183,-1.0337613,-0.17992206,-0.9788352,-0.3756348,0.02124879,0.10242746,0.36627266,0.96442544,0.15897286,0.23420636,0.5065715,-1.1715355,-0.30312702,-0.42059126,0.15286541,0.3359088,-0.26593533,-0.48576868,-0.28450426,0.20888914,0.10784137,1.3740499,0.3519082,0.33988643,-1.5782602,0.13037299,-0.46705973,1.2223682,0.21699657,0.22855677,0.3981567,0.6115699,1.0056129,-0.3343295,0.30954868,0.9900058,0.58087265,0.20273608,-0.5292346,-0.5342589,0.5171861,-0.6049449,0.2588645,-0.9116224,-0.07209812,0.7112473,-0.68113005,-0.68448097,-0.3827372,-0.040167507,-0.5589367,-0.17734836,0.32351428,0.36632434,-0.3421726,0.12317617,-0.81048876,1.8851367,-0.23532008,0.0023406276,0.48269093,-0.45523417,-0.33294964,-0.85457224,-0.5856017,-0.82186496,0.21918046,0.25259084,0.081764854,0.31607237
85,-0.21250954,-0.25421977,0.48754233,-0.3490931,-0.8240608,-0.83634865,0.13256882,0.2626922,-0.051491152,-0.8077045,0.63356245,-0.3284725,-0.696969,0.67573714,-0.45218235,0.58748543,0.4648547,0.27282676,0.05745984,0.32433385,0.14648892,0.63976276,0.62487316,-0.79054946,0.324765,0.12648803,0.85221505,-0.75139844,-0.14141165,-0.5157647,-0.09432718,0.48181248,0.46533227,-0.106188126,-0.80136794,0.113004975,-0.83985806,1.0019413,0.33515278,0.1466694,0.57757735,-0.8635867,-0.09037545,0.14808525,0.0152970385,-0.116150305,-1.1399509,-1.0027475,0.20578808,0.90935725,0.11411414,0.89481694,0.35427868,-0.13373907,0.56857705,0.042989682,0.47987017,-0.45510334,0.14944172,0.33264178,0.1964996,0.6363596,0.09006992,0.4117166,0.43689677,-0.5767567,-0.07176809,0.34792694,1.0788757,-0.033726413,-0.07889119,0.29644412,-0.11398151,0.15922199,0.62701404,-0.39637515,-0.34889942,0.2741038,-0.45584023,0.42161685,-0.089001514,-0.8810868,-0.7879371,-0.31712097,0.060240604,0.45201617,0.30835313,0.58075386,0.062385626,0.36599496,0.0604677,-0.25380343,0.7250641,1.2584295,-0.26836216,-0.62506473,0.0012941546,-0.4866841,1.4187613,-0.46600842,-0.48132628,0.083863124,-0.27902696,-0.062442232,0.14820138,0.2816151,0.240575,0.042966906,-0.34070557,-0.39448538,0.69231915,-0.17796664,-0.5542489,-0.28035626,0.46904802,0.67288923,-0.19237782,0.12743397,-0.28987962,-0.10466712,-0.11653265,-1.2489275,-0.23689285,-0.34408596,0.31218892,-0.3255209,-0.5200973,-0.020809526
86,-0.5094582,-0.046623822,-0.365687,-0.058255542,0.14487457,-0.03038059,0.91560626,0.46476954,0.092258364,-0.35659933,0.024451375,-0.035537776,-0.58170474,-0.5901272,0.016612718,0.21447717,0.5975939,-1.2462139,-0.05293558,-0.68138546,0.31495813,-0.2802471,-0.2004378,-0.19368494,0.18342556,0.44126612,0.9451379,0.06681852,0.20273592,-0.5669772,-1.5375274,0.14912407,0.779073,-0.78596044,-0.7113868,1.1839436,0.5769056,0.8728172,1.1308066,-0.058120992,-0.38074902,-0.43471345,0.3162582,0.9937736,0.19258943,-0.050897773,-0.23449641,-0.8302856,0.33287644,0.13800472,0.039443865,0.35047215,0.3074885,-0.5026156,-0.04884323,-0.6212974,0.8153231,0.1735113,-0.2093423,0.8644122,-0.5481601,-0.39413807,0.35013488,0.3769813,0.009811083,-0.44164565,1.3567222,0.12414447,0.9842639,-0.49764138,-0.3453431,-0.078158446,0.49807927,-0.31092098,-0.15278266,-0.6910774,-1.2899847,-0.47619042,-0.037704382,1.5161891,-0.57281446,0.1966708,-0.43798786,-0.1605514,-0.7722619,-0.09815124,1.1093986,0.43853444,0.355597,0.12268116,0.62923455,-0.36940283,1.2676164,0.7177865,-0.31664088,0.59007734,-0.60445195,-0.12808622,0.44917813,-0.94992256,0.60999274,0.2699681,-0.12404262,-0.14944471,-0.54821306,0.07002296,0.5491138,-0.34097812,-0.25516406,-0.52029145,-0.24922286,-0.06886909,0.56532,0.70247215,0.19606595,-0.33363718,-0.43235373,-0.57782334,-0.0052006165,0.14252102,-0.23772582,-0.76580703,0.59492546,0.57806194,0.34479743,-1.0365503,-0.17492823,0.6620155
87,1.1611576,-1.2824069,-0.88870734,0.84408,-0.0787828,0.7110718,-0.28769988,0.7983628,0.51644397,-0.32616287,1.5092165,0.25496542,-0.78595674,0.42443338,0.4021624,0.6383986,0.66840863,-0.22175911,-0.64446616,-0.16564119,0.29831198,-1.1049153,0.060893025,-0.34340733,0.70103365,-1.0996526,0.73663425,-0.74784654,0.556742,-1.1568407,-0.5871983,0.5562366,1.3550752,-0.08744967,0.27547503,0.58867425,-0.88913757,-0.73805565,0.1610755,-0.25267327,0.85640883,-0.5261057,0.7008032,1.3352505,-0.0018730963,-0.18262658,0.0027466486,-0.020350011,-0.36737224,-0.37225187,0.030743312,-0.09433975,0.11739275,-0.27023885,0.05809274,0.30074018,0.53069293,0.21641952,-0.26108712,0.42419502,-0.28677434,0.44829962,-0.28422347,1.1010834,0.38127282,-0.5357511,0.13355805,-0.15995204,1.05005,0.21243247,-0.5444618,0.061141815,0.05717752,-0.41888198,-0.8976728,-0.31089112,-0.64418733,1.0382812,-0.4567498,0.59533083,0.18146978,0.21957998,-0.15043037,-0.43259117,0.4528509,0.47709304,0.6115888,-0.60968244,0.5524684,-0.09008241,0.2970113,-0.79576164,0.16721812,0.37136924,0.21520437,0.23107286,-0.045480408,0.29743552,0.99291044,-0.864446,0.8693545,-0.18407106,-1.0554833,0.22398548,-0.060065206,-1.0163294,-0.31443632,-0.21093957,-0.9471647,-0.15174183,1.2554148,0.049711425,-0.69754624,0.34984598,-0.2609092,1.1577252,-0.29943427,-0.3178292,0.13920191,0.11490813,-0.53698224,-0.20929419,0.10183936,0.8375235,0.38631666,-0.20939077,-0.23502411,-0.23567328
88,0.1718736,-0.5834853,-0.64680237,0.1024493,-1.211463,-0.9598143,0.3269456,-0.37302187,-0.5446273,0.745641,-0.42818475,-0.25060228,0.17881922,1.238371,-0.98366594,-0.05221347,-0.057274148,-0.1282833,-1.3187805,0.17837124,-0.53685564,-0.56915563,0.269529,-0.14246117,-0.33811155,0.18317518,0.49089572,0.6641954,0.1164134,0.14100583,-0.5031858,0.1256049,1.3678503,-0.47689056,-1.1032392,1.3094316,-0.591666,0.64029807,0.33407593,0.039760146,-0.49210408,-0.19254217,0.40010846,0.5536531,1.1004596,-0.47567698,0.0053375373,-0.21745178,-0.067165665,0.55139786,0.6998722,-0.13267858,0.4143672,0.4146477,-0.08249701,-0.0503814,0.65244395,-0.19198777,-0.28167796,0.82700837,-0.43898216,0.9616559,0.39474666,0.67987555,0.024087656,-0.6754207,-0.060958207,0.69212383,-0.26945084,1.0149865,-0.7602453,-0.32496193,0.33751848,0.67073476,0.80310166,-0.08192302,-0.20394446,-0.65304744,-0.14982936,0.1397219,-0.18794718,-0.9662774,0.23674686,-0.98628175,-0.5280429,0.06884676,-0.6001652,1.0583861,0.26052296,-0.3848848,0.37134227,-0.46150926,0.43927538,0.4001488,0.5387997,-0.3134423,0.3914326,-0.021726832,1.1892021,0.10561132,-0.067519516,-0.41310003,0.7030111,-0.35004026,0.44761384,-0.45651093,0.3329971,-0.4279839,-0.36009037,-0.11245196,-0.053686704,-0.46353015,0.29527938,0.06520716,0.427873,-0.5740992,-1.0298207,0.16750313,0.21296106,-0.5598136,0.86431247,-0.84818536,-0.19552027,0.5656935,-0.972744,-0.74630207,0.19075733,0.63158625
89,0.59342575,0.50747585,0.086611904,-0.86643744,0.0702669,0.7110723,-0.21972041,0.7685126,-0.33607978,-0.10826868,0.31006598,1.0369529,-0.6677749,0.67633873,-0.52590173,0.4662316,0.5002573,0.3267232,-0.25340354,-0.21958862,0.5395096,0.65704364,-0.9060898,0.31607458,0.026763944,-0.38078192,-0.07132871,-0.44186807,0.8269056,-0.43087837,-0.8452545,-0.714732,0.61438787,-0.8084871,0.16734271,1.8699808,0.590268,-0.40210977,0.31124684,-0.4311916,0.5721627,-0.770841,0.39781496,1.3986859,0.011344721,0.6581947,-0.46930388,-0.9293052,0.58548236,-0.538436,0.32800746,-0.026649158,-0.112097085,-0.20328657,0.09073257,-0.3785995,1.2063601,-0.11406352,-0.904286,0.053754352,-0.22900641,0.41037533,0.39255843,-0.33689687,0.5703078,0.17874454,0.6996444,0.6851176,0.14058307,0.75609976,-1.2336693,0.9267443,0.077529006,-0.20520598,0.29732066,-0.34235933,-0.41328007,0.28296146,-0.4750976,-0.40785515,0.55548525,-0.28804886,-0.4148317,0.120555095,-0.19141619,0.026873564,0.081716835,0.12038813,0.040886078,0.32466602,0.92116547,-1.1481059,-0.016514933,0.5686815,-0.20772672,-0.62946016,0.2733117,-0.31709725,1.3471104,-0.13260145,-0.6186946,-0.07819544,0.06192686,0.4836866,0.07936924,-0.96034694,-0.62614733,-0.3195356,-0.4647885,-0.11503417,0.19291383,-0.39483783,-0.09196135,-0.5020048,-0.514599,0.72142184,-1.2269429,-0.047530834,-0.34777072,-0.90351737,0.44043106,-0.5161028,-0.8440353,0.008248001,0.43177587,-0.17177078,-0.805797,-0.6980668
90,0.668557,0.83821404,-0.6299417,0.12421415,-0.34963447,-0.12760264,0.5059924,-0.10908809,0.19171545,0.571368,0.09866758,0.91645944,0.6001263,0.9337229,-1.1851828,0.036584366,-1.1522511,-0.543713,-0.42062017,-0.26021883,-0.88571155,0.35174474,-0.030411342,0.15043476,-0.80921584,0.61495805,-0.102749504,0.40841278,0.019777862,0.06878482,0.10572277,0.12657435,0.06437481,0.38854712,-1.3773372,0.9013725,-0.45163086,-0.7708526,0.33726898,0.37227976,-0.47294876,0.30829576,-0.18895794,0.47120678,-0.056058854,0.79404336,0.9950908,-0.9471144,0.17999353,-0.431713,0.52593654,0.49963295,1.1451173,-0.6909431,0.15389058,0.36058202,-0.3540817,-0.12642741,0.24615604,1.8670399,0.52053493,0.513649,0.64290875,0.36257017,0.17696297,-0.6929567,-0.5172282,-0.33157796,0.13407877,0.47241855,-0.84159666,-0.40483174,0.7061573,0.22373353,0.66056114,-0.5993565,-0.07578693,0.32672796,0.7034472,0.33305904,0.285199,-0.89729494,-0.43863332,-0.08292121,0.112679206,0.85999316,-0.9856353,-0.025284238,-0.33414063,-0.5242587,-0.103287645,-0.23156415,0.61426073,0.6431804,-0.42512792,0.040864248,0.408348,0.3541011,1.4090953,-0.24931975,-0.14419928,0.105715156,-0.3285004,-1.3227088,0.8046805,-0.038273267,0.27381358,-0.19452126,1.1820683,-0.34480572,0.03727873,0.010890834,0.791871,1.2348318,0.30459812,0.40330815,-1.8215554,0.041158646,1.9662558,0.0045026955,0.058456283,0.7588359,-0.39453852,-0.16445783,0.23931895,0.26431304,0.4382802,-1.2784708
91,-0.24505557,-0.37182254,-0.17935228,0.2345377,-0.3130735,-0.22901879,1.2561675,-0.018049952,0.60958314,-0.45236576,0.33038178,0.22465956,-1.0446124,1.0358902,0.100030996,0.71794516,-0.4111484,0.42817545,-0.45002368,1.0378058,-1.1397694,0.35441414,-0.7588852,-0.3789036,0.06925056,0.5249687,1.0246933,-1.267361,-0.30111235,-0.97695094,-0.7181303,-0.9744209,0.85549587,-0.4361672,-0.31131378,0.8855968,0.12251492,0.0012825612,0.43406665,-0.7427046,0.31835133,-0.7972721,0.44405827,0.3978245,0.4362528,0.4749875,-1.2214113,-0.37873876,0.38383162,0.3791725,-0.113050304,0.005725561,0.8944468,-0.94243264,-0.90560937,0.61730254,-0.1412995,-0.1802146,-1.0549071,0.2612482,-0.989962,0.49758807,0.0766556,0.4340982,0.2199437,0.0021867477,-0.74829346,-0.21590362,-0.070766516,-0.47535536,-0.39595672,0.047265153,0.9720084,-0.5403369,-0.9387757,-0.074278906,0.22224233,-0.15915862,-0.061591726,0.53599924,0.2894179,-0.93697923,-0.178116,-0.33770704,0.9249241,-0.2454185,0.31949526,-0.82055914,0.26156008,0.18441366,0.07768983,-0.8524694,-0.12986702,-0.0122267725,0.7762751,0.28068697,0.99467313,-0.087613,0.9491084,-0.2621779,0.09118412,-0.86103374,0.27879548,0.35425732,-0.81223583,-0.23674473,0.81711614,-0.38779435,-1.0557843,0.53767884,-0.17099608,0.9416033,-0.30111018,-0.13554768,-0.19990072,1.0560309,-0.99809325,-0.18682365,0.14533885,-0.41355368,-0.060167022,-0.24251015,1.0318203,-0.3175352,-0.46163553,-0.40126103,-0.52132285,-0.6066953
92,-0.18672113,-0.5175558,0.26874107,0.9647804,-0.50930923,-0.6172163,0.04852732,-0.21254501,-0.0019639914,-0.044402868,-0.042410735,-0.06499456,-0.9896327,0.9848699,0.28783286,0.61454535,0.37818936,-0.48727894,-0.15399827,0.5604156,0.2386405,-0.48222324,-0.92043513,-0.47515428,0.5913196,0.16281809,1.3183726,0.25128344,-0.7866046,-0.32222998,-0.19907297,-0.29516995,1.5237972,-0.9121015,-0.52522814,-0.15911219,0.78985906,-0.9267943,0.88747907,-0.32143646,-0.9182126,-0.31948936,0.013917115,0.73173153,0.362504,-0.14333889,-0.68219835,-0.34806433,-0.09614152,0.009373779,0.29661334,-0.45096564,0.33224052,-0.008777078,-0.67249376,-0.09096375,0.2898932,-0.51790345,-0.50009155,0.32538676,-0.58968395,-0.1873088,0.7780595,0.02073891,0.328479,-1.1263032,0.23886397,-0.25980017,0.16374613,-0.030786982,-0.28648075,-0.118095435,0.6247715,0.37698507,0.72006524,-0.5446553,-0.5400591,-0.50060487,-1.0190911,0.8834194,0.18854432,0.2994373,-0.60155284,-0.15426652,0.46287337,-0.5067966,-0.3384853,-0.37176472,1.2321831,0.9950485,0.15855761,-1.3317639,0.17096703,1.1641569,0.485503,-0.2565279,0.06691923,-0.6096788,0.84415877,-0.0060931183,0.017985899,-0.2111398,-1.0052742,0.061117843,-0.2555149,-0.6815899,0.50626403,-0.6339575,-0.49479637,-0.5360093,1.0903316,-0.058931056,-0.34832773,0.38643646,-1.0509126,-0.19606861,0.5719178,0.54696053,0.1997395,0.16994683,-0.2735889,-0.60452056,-0.14982583,-0.4886055,-0.24355394,-0.9572628,-0.74132115,0.5849213
93,0.2770814,-0.48462102,-0.74220574,0.25732213,1.0844184,0.047108825,0.13216138,-0.71429896,-0.4405739,0.39429644,0.64967865,2.3600748,-0.67164296,0.14198843,-0.18515782,0.07637981,-0.4412456,-0.6553701,-0.15006278,0.3542454,0.039363585,-0.35995272,-0.5375898,-0.49262592,0.7342549,0.7208926,1.026356,-0.893759,-0.6732773,0.47189143,0.24900807,0.86175895,1.3058051,-0.87379795,-0.33905226,1.4629896,-0.8055529,-0.7890637,0.07860303,-0.19426195,-0.86769104,-1.7479297,0.36380017,0.6191306,0.6246387,0.28484637,-0.29396334,0.116906814,0.02016623,0.20193657,0.18920171,0.85990953,0.73929286,-0.9259494,-0.13190669,-0.5136329,0.8607974,-0.07071407,-0.6930955,-0.49518675,0.2656557,0.5706138,-0.051034342,0.42693862,0.65850395,0.14580649,0.13824816,0.35698605,0.41220963,0.0861018,-1.0665342,-1.4504083,-0.033835538,-0.4850166,0.31275186,0.23444371,-1.5633442,-0.599551,0.11507135,0.46164834,0.80343896,-0.5938807,-0.20851982,-0.08628021,0.0030895032,-0.69684625,0.2699818,0.40646386,0.19306295,0.27436695,-0.07563576,-0.32802188,-0.018661246,0.16211176,0.5195339,-0.7167226,0.13381225,-0.36185074,0.98571044,-1.1010106,0.1588987,-0.43824595,-0.9167871,-0.45266747,-0.6613537,-0.9285881,1.2133646,-0.5157098,-0.81194,-0.16270252,0.5164432,0.52947325,0.4090233,0.5587051,-0.55930114,0.39629722,0.3212813,0.6057421,-0.4518475,0.32087666,-0.23413496,-0.5178651,-1.3517662,-0.35695797,-0.04369162,-0.037366446,0.43829432,0.057148084
94,0.52820873,-0.31189165,-0.4627415,0.32397488,-0.7768307,-0.7794381,0.41239664,1.1115781,0.30765584,0.40938586,0.35222057,0.59839356,-0.20267342,0.9175986,-0.7634442,0.8491175,-1.071082,0.32624298,-0.3133824,0.8249639,-0.82987666,-0.15176785,0.55983335,0.330932,-0.57768685,-0.31202805,1.0031002,0.612043,-0.83979976,0.22394693,0.25212735,0.4252055,0.80935806,-0.17704867,-0.22048071,1.3343834,-0.7163013,0.56974804,0.6868587,0.44874638,0.40663496,0.7846512,0.11352131,0.6611897,0.15223038,0.030468244,0.21440318,-0.65405726,-0.37270176,0.23580274,0.57411015,1.3380926,1.4765458,-0.22957183,-0.2735064,-0.32096943,0.15816882,-0.49212378,-0.051474594,0.4034147,0.2458564,0.48226652,-0.28539252,1.1161548,0.29027468,-0.53128684,0.3407483,0.0764681,0.072961286,0.751209,-0.92368674,-0.25792116,0.6075262,0.31886378,0.87467164,0.10196381,-0.45813864,0.7056828,0.5460987,0.6719139,-0.33379954,-1.4577323,-0.80989796,-1.0807507,0.38234776,0.4509837,-0.5147238,-0.11676861,0.44275102,-0.4228122,-0.03374238,-0.21899325,0.18385808,0.8417569,0.7159109,0.11319985,0.14794543,-0.023262847,0.4888689,-0.87209153,0.076901086,-0.40616637,0.03939963,-0.91760886,-0.5711957,0.3109208,0.42516068,-0.37763217,0.05262118,0.07857707,-0.52503836,0.2390674,-0.2115224,0.50107384,-0.21106745,-0.34694,-0.27312654,0.5552748,0.39636853,-0.041386656,0.27188358,-1.3794242,-0.11560474,1.3153375,-0.37328014,0.40853366,-0.7265236,-0.43353492
95,-0.5550384,1.1292621,-0.3550573,0.4606724,0.31376824,-0.17292653,-0.4982898,0.2621498,0.32556596,0.16385897,0.64574206,0.83557016,0.16162582,0.193769,0.2016864,0.3208537,0.12103656,-0.9754603,-0.49968323,-0.2003803,-0.6532303,0.064662874,-0.76200634,-0.55697054,0.812683,0.42258203,-0.3155284,-0.30431524,0.3691579,-0.41673163,-0.27569476,0.4597131,0.59222996,-0.94231725,-0.61487967,0.5072623,-0.25804627,0.43743393,0.13954613,0.18129331,-0.10017063,0.6152652,0.3878971,0.036780257,-0.30995053,0.38026306,-0.79614264,-0.17052987,0.5757985,0.59139067,0.5613681,-0.1355236,0.4273351,-0.21227737,0.5993501,0.1354382,1.0745074,-0.69535214,-1.1442218,-0.077029034,0.5757221,0.4955628,0.7198814,-0.9400936,0.27822345,-0.46076262,-0.7179667,0.7109631,0.80750376,-0.01950822,-0.082107045,0.7153986,0.95019,0.5802366,-0.31662476,-0.11934521,0.105380215,0.2960633,-0.18495113,1.0101411,0.33280557,-0.4014025,-1.2607145,0.34239858,0.617431,0.74742955,0.1075185,0.9959379,0.1678274,-0.0069271764,0.72933483,-1.2445151,0.51822865,0.030031785,0.15447812,-0.07330478,-0.8244808,0.7130441,0.77627945,-0.42245606,-0.4661259,-0.12709221,-0.024795571,-0.40699124,0.31951892,0.19790931,0.6049542,-0.4216374,-0.72394127,0.19683123,0.38895455,0.03202385,0.03608289,0.34846056,0.2699436,1.0849514,-0.75327307,0.13819464,-0.07816963,0.26391265,-0.35269424,-0.5237061,-0.3115373,-0.3832615,0.45965242,-0.07009022,0.6176948,-0.07705859
96,0.39659855,-0.5468082,-0.18065524,0.53043944,-0.30149505,-0.8568346,1.5174876,-0.009718934,0.25300667,-0.26215133,0.52502024,1.7394308,-1.0008616,-0.30125794,0.07058672,0.11624471,-0.13199419,-0.23794505,-0.25573,0.36785796,0.030261002,-0.474627,0.14715405,-0.34858873,-0.28643486,0.9406647,1.2949393,-0.08915359,-0.28434893,-0.5574422,-0.6932534,-0.23378657,0.42216578,-0.5358091,0.302946,1.8992808,0.1516997,-0.118569516,0.17672926,-0.204707,-0.14567247,-0.56716835,0.20273797,0.7916706,0.867803,0.011801464,-0.46781108,0.27251053,-0.27355483,0.5434828,0.64847577,0.18664001,0.18131413,-0.32348537,-0.34651744,-0.51309484,0.23308547,-0.33113316,-0.69188464,0.5224719,-0.86604106,0.2710125,-0.44041497,0.7225425,-0.59677976,-0.2524301,0.88302845,-0.55808955,-0.30654496,-0.7034717,-0.43108445,-0.07126664,0.5837318,0.24950011,-0.42307454,0.37967157,0.013962545,0.9483341,-0.46988988,0.8015676,0.42638126,-0.04389628,-1.0996099,-0.23082446,0.11809273,-0.034136064,0.50208545,-0.16686103,0.4815202,-0.94257635,0.10805197,-1.5331495,-0.3445164,0.9873886,-0.16031134,0.32944846,0.57322425,-0.26437426,-0.0008800972,-0.6669886,0.08962544,0.9190549,-0.08015055,0.3169171,-0.0027244957,-0.10604995,-0.18985276,-1.2339697,0.24629264,0.043848466,-0.0423748,0.17206655,-0.21414588,0.0052293614,0.58876747,0.939458,-0.6612642,0.05152946,0.5426057,0.19032903,-1.1267124,0.26648417,-0.17677031,0.22214517,0.1785878,0.3677331,0.8429201,-0.41954806
97,-0.1985788,-0.27211207,-0.12781043,0.48501867,-0.038254395,-0.28549176,0.89472544,0.36018288,-0.6088878,0.18815625,-0.03170522,0.5280638,0.043309025,1.5410651,-2.127479,1.2807438,-0.63288933,-0.35860363,-0.094377615,-0.598878,-0.67775327,0.38864362,-0.6629215,0.55966705,-0.53900915,-0.4649061,-0.07437498,1.0504493,-0.36547023,-1.0529062,0.08064024,0.08622489,0.6578421,0.16404308,-0.00693393,1.2068025,-0.794589,-0.5599635,1.1887345,-0.081753,-0.5378947,-0.4044633,-0.014714762,0.80893815,0.7280639,0.20850319,0.2183292,-0.17732108,-0.123133354,0.030951872,0.5087237,0.27408606,1.0805743,-1.0041455,0.55917114,-0.4056723,0.6790285,-0.9315548,-0.6418937,-0.17279549,-0.31660214,0.6642237,0.89857036,0.42368197,0.8722574,-0.37833935,0.3971014,-0.08238448,-0.5352312,-0.09356132,-0.93555176,0.18872672,0.22658445,0.2572003,1.0942433,-0.25107428,-0.3016837,0.7865812,0.16573876,-0.34173483,0.012549605,-1.3072196,0.05073103,-0.4704591,1.0739305,0.5007349,-0.20657495,0.47307804,0.21107961,0.49108544,0.16724837,0.26473123,-0.05263137,-0.40515247,1.1408842,-0.3251951,0.5915908,-0.09628049,1.0739375,-1.5392826,0.006972649,-0.21000487,0.13891393,0.5531253,-0.751731,-0.56296456,0.96826327,-0.9295285,0.77974594,0.18123196,-0.3903105,-0.88996553,0.44795302,0.8677232,0.5215865,0.6836622,-1.8777013,0.899545,0.68981737,-0.5438192,-0.11456841,-0.17681223,-0.19889666,-0.310888,-0.29315612,-0.3624443,-0.20104043,-0.09876763
98,1.1281071,0.6045786,0.9099646,0.62255955,-0.38969636,-0.4139474,0.9260509,-0.02267898,-0.33985868,1.2187884,0.064782456,1.0087417,-0.027785981,0.48999488,-0.85867065,0.895707,-0.5290956,0.16211666,0.48360673,-0.67091113,0.14229013,-0.80792993,0.13349749,-0.98702747,-0.17381696,-0.05892105,1.0933411,0.5933352,-0.0364414,0.14872204,0.28648216,-0.49220258,0.5170079,-1.0756242,0.0145783005,2.0674717,-1.423049,-0.15472458,0.07190205,0.3199858,-0.41365,-0.5631644,0.069317155,0.25568643,0.10336618,-0.062415946,0.2753862,-0.9541912,0.117336124,0.07528506,0.07261594,0.30428976,0.46403012,-0.29404807,-0.015562614,-0.16199754,0.18277472,-0.15689342,-1.2536151,1.1701225,-0.838376,-0.20514831,1.2176076,1.0515628,-0.5694182,-0.7834477,0.022001825,-0.057733215,0.3413382,0.33528346,-0.23512489,-0.73236626,0.042149395,0.19597718,0.9731397,-0.02813133,0.53034186,1.1809623,0.60794175,-0.00538491,0.54725975,-1.5606235,-0.6289646,-0.35800666,-1.0281087,0.619616,-0.45191398,-0.5575211,-0.32121152,-0.9538743,-0.33857605,0.05057291,0.6597503,0.057188883,-0.32505125,-0.64054126,0.655937,-0.0006505211,1.0980726,-1.6575053,0.17047398,0.5691603,0.0394233,-0.5302331,-0.2088012,-0.91115946,0.8083265,-0.08319044,0.40161943,-0.30035263,0.29342043,-0.6574843,0.26006272,-0.32612658,0.16077277,-0.37510768,-1.1009232,0.045772888,0.84259063,0.36245307,0.48955548,0.54491246,0.8694253,-0.22489049,-0.47654313,0.7034225,-0.19498369,-0.21188402
99,0.5846188,-0.47717053,-0.9556649,-0.6325722,0.7004216,0.22588684,0.49737963,-0.07141087,-0.4866634,-0.5678525,1.5327437,0.8487965,-0.3129141,0.01925854,0.21875042,0.23389702,0.031904846,-0.19430934,0.34350008,0.40299696,-0.065102726,-0.39721704,0.21126498,-0.618745,0.6439942,0.9051537,0.4634929,0.58543473,-0.63182914,-0.9417296,-1.1202183,-0.13081227,0.61683214,-0.6906935,-0.28453583,1.1329999,0.76156175,0.22288385,-0.3271879,-0.35726905,-0.026209246,-0.9033509,-0.08218602,0.82388085,0.9091923,-0.11192344,-0.36849257,0.0016040361,-0.58578014,-0.3421146,-0.1318608,-0.4481658,0.15476409,-0.7037081,-0.012415584,0.6490225,-0.11167479,-0.437268,-0.84886074,0.89167255,0.8190117,-0.20283864,1.3703245,0.009265213,0.5391397,0.35779616,0.52073425,-1.0142714,0.32861665,-0.632733,0.40039653,0.82558525,-0.49656022,0.40465704,-0.29182768,-0.18098198,-0.024947878,-0.82449687,-0.8528704,0.46135303,0.7671476,-0.60740566,-0.4862389,0.19535828,0.08356156,0.5766073,-0.62473404,0.11703253,0.024862966,0.5777927,0.10777913,-0.94722396,1.0203084,1.0268366,0.5483755,0.17572746,0.8094344,-0.04585753,1.0685546,-0.83669674,0.29906383,0.073201776,0.119682066,-1.0582203,0.053000074,-0.4079769,0.47442004,-1.1994534,-0.83546,0.123593554,-0.114819854,-0.019326564,0.28373697,0.6697974,0.031772893,1.3486674,0.87245774,-0.2902585,0.17781223,0.49295598,-0.57958066,-0.8806257,-0.0229497,-0.5491905,0.6649391,0.14947483,0.47279832,-0.26138195
100,0.3708232,0.027433863,-0.29561713,0.09146836,-0.04334092,0.45698228,0.9298458,0.50568056,0.5555545,-1.0983177,1.0717523,0.77042365,-1.0363281,0.0043514604,-0.41005608,0.47305536,-0.2053191,-0.32910895,0.123076,0.27922788,0.4266943,-0.36360914,0.40648475,-0.6924542,0.1371603,1.0123682,1.1001183,0.20005843,-0.6109666,-0.5304827,-1.198565,0.4792128,0.65451366,-0.45397064,-0.6215364,0.69573426,0.11050977,-0.47255105,0.8748675,0.6352981,-0.4255055,-1.3386995,0.041083355,0.652279,-0.21429612,-0.911793,-0.6270879,-0.14922626,0.2731409,-0.12156368,0.7503429,-0.032814912,0.037756287,1.1680347,0.16034845,0.13137023,0.37952068,-0.14530185,-1.4545262,1.2098087,-0.84215087,0.45588565,0.6454657,0.22422963,0.37915307,-0.9779458,-0.29315692,-0.20849538,1.226334,0.42926854,-0.97686917,-0.5203842,0.6617263,0.85454226,0.3396026,0.19548568,0.5920002,0.6069231,-0.0018023233,0.48261455,0.9028361,-0.3245151,-0.6403128,0.18333125,-0.2028793,0.21315542,-0.12815256,-0.15856491,-0.23017046,-0.31193027,1.1252749,-0.87829626,-0.10109831,-0.43451932,-0.30387568,0.26585284,0.28306428,0.27838424,-0.11979553,-0.26224086,0.5340723,0.67810404,-1.3241398,0.44958755,0.111518204,-0.50320274,-0.61173105,-1.1692669,-0.3756753,0.12973718,0.8527911,-0.16987345,0.40549412,0.89376444,-0.47603327,-0.21094646,-0.4958848,-0.46234322,-0.4350986,0.041618798,0.22236662,-0.18639001,0.33482617,-0.1876056,0.6276111,-0.28701723,-0.61085963,0.5911084
101,0.83780766,0.09290584,-0.8541997,1.0854684,-0.877328,-0.71714306,0.8680647,0.86605555,-1.0882593,0.85756344,-0.70379,2.2535813,-0.21901436,0.5750126,-1.104281,0.08125365,-0.6401057,0.03879648,-0.081053644,1.1356664,-0.36957532,-0.34100273,-0.513603,-0.011084057,0.38088152,1.3591874,-0.3314222,-0.20347664,0.7042064,-0.28271025,0.06785363,-0.36926505,0.3578332,0.6500133,-1.0272183,1.5698308,-0.20826565,-0.772651,0.07316103,-1.2818358,-0.72787696,-0.2047443,-0.4466109,0.855221,0.04017085,-0.6999017,0.16878244,-0.9305611,1.1462879,-0.54812795,0.748125,0.31730354,0.41251203,-0.8235887,-0.52649313,-1.1342728,0.129686,0.47238716,0.35111746,1.4602553,0.81411374,0.6706503,0.41178176,-0.0033082808,0.41092008,-0.21758938,0.2502545,0.13688438,0.38528016,-0.23991032,-0.25078166,-0.48643017,0.3842726,-0.0028933652,0.97956413,-0.6987107,0.48188928,0.26141122,1.03756,0.18963183,0.042796686,-0.29163006,-0.7765548,0.32272854,-0.37915474,0.042270564,0.020202082,0.5980812,-0.06491335,-0.6575225,0.17839213,-0.7170528,-0.4775614,0.82631034,0.1023793,-0.71687007,0.10247862,-0.15880476,1.260764,-0.9721258,-0.1556265,0.09165609,-0.04246824,-0.18646023,-0.5027437,-0.46017945,0.30905178,-0.36782166,0.34463537,0.12339144,0.8082594,-0.03336283,-0.37071007,0.56698006,-0.6316705,-0.33956376,-0.874311,-0.11842667,1.1355684,-0.2758454,1.0081317,-0.5403532,-0.4226668,0.42666855,0.29583016,0.22777046,-0.026202977,-0.6931789
102,-0.2111227,-0.15682997,-0.5126762,0.17938481,-0.48750058,-0.004613961,0.46921968,-0.42895296,0.56108415,-0.43162665,0.056031413,1.1364658,-0.43479145,0.69053644,-0.3806891,0.28692362,0.18206222,0.3604298,0.15202357,0.44145453,-0.24107207,-1.1355405,-0.5442953,-1.5363384,0.817819,1.1135143,1.0696054,0.34389582,-0.43212867,-0.8793844,-0.9536179,-0.9774503,1.0760083,-0.042929266,0.10006371,1.5220358,0.09165494,-0.37814438,0.8005759,0.039195277,-0.101114385,-1.1618959,1.1136242,0.20133762,0.52129334,-0.13624175,0.9467817,0.40759736,-0.07920929,-0.10165568,-0.15352324,0.19796592,1.000966,0.114024,-0.8580838,-1.0719066,0.33433095,-0.55394447,-0.3669901,0.9544243,-0.5086358,-0.1550967,0.36887518,0.5510116,0.38849238,-0.3687554,0.06163092,-0.12914418,1.1886485,0.10725491,0.37848747,-0.45652944,0.36181623,0.0136688715,-0.6379947,0.43798003,0.069827385,0.6559262,0.21465142,0.9752979,0.7275445,-0.7687676,-0.9736049,-0.4877914,0.48622677,-0.10354262,0.025568414,0.4568001,1.0352365,0.3789891,0.18628868,-1.018441,0.21594149,-0.11414423,-0.50751114,-0.89422166,-0.77056694,0.4174211,0.7480315,-1.2668715,0.09163601,-0.43193182,-0.2243317,-0.36208025,-0.62567085,0.6710261,-0.51553166,0.19928458,0.12319965,-0.4045794,0.7054696,-0.8948601,0.18679994,-0.718476,-0.09794876,1.2043407,-0.14797044,0.08636443,0.4931964,-0.755343,-0.29598588,-0.8245406,0.08969888,0.51847726,0.48492476,-0.5841686,0.0881045,0.014146008
103,0.10067282,0.23416725,-0.4094767,0.2325887,0.21162319,0.15330586,0.646281,-0.5489444,-0.88630414,-0.038775463,0.13157547,1.5836239,0.64202255,0.8928698,0.010651943,0.70377135,0.13507049,0.2811116,-0.761922,-0.5494603,0.6762093,-1.2682147,-0.6554269,0.47205073,0.55828756,0.53376114,0.45575213,-0.33805138,0.19648656,-0.7748205,-0.37407926,0.3131618,2.0975268,-0.35077623,-0.101085916,0.124002874,0.38843027,0.13315244,0.2934944,-1.1054068,-0.6139304,-1.3816782,0.38306957,0.7375277,-0.40872273,-0.7402616,-1.1926051,-0.7112817,0.3190598,0.8390858,1.250254,0.42201224,-0.041381743,0.036773663,-0.29369873,-0.49506885,0.64273864,0.38119358,-1.0960432,-0.13030945,-0.73053837,0.526567,1.1013452,-0.32110068,0.22789219,0.23609109,-0.19653837,-0.5399501,0.5316152,0.08575898,-0.30990675,0.12930399,1.2181538,0.6272137,0.36227995,-0.03158472,-0.60683763,0.30074447,-0.9954102,1.277777,-0.015558212,-0.3881911,-0.1915368,-0.08936728,0.17722608,-0.23091835,0.63492167,0.75790244,0.31379417,0.44073468,-0.8577659,-0.2557863,0.66502446,0.27426568,-0.5543132,1.0129066,0.11934387,0.20803794,0.6302763,0.07217607,-0.29307666,0.060125668,-0.8926117,-0.4367902,0.4745306,0.22985956,-0.2604875,-0.38019776,0.19598873,-0.16581042,-0.009340716,-0.90702987,0.38075846,0.029707802,0.8602152,-0.48490483,-0.8129225,0.17700593,-0.13190022,-0.76647556,-0.5304782,0.35465991,0.6874988,-0.14647995,-0.6731297,-0.8771764,-0.4480132,-0.38735032
104,-0.53955793,0.9778505,-1.1105354,0.07683492,-0.5382997,-0.04134408,0.28207415,0.33362868,-0.48680565,-0.87305766,0.9428261,1.2770551,-0.95578444,-0.091411576,0.42254373,-0.046477605,-0.83697975,-0.19696821,0.41769692,0.42318025,-0.097793154,0.58734566,-0.6200504,-0.50957435,0.70282906,0.71164805,0.3670901,-0.063563675,-0.32340842,-1.3517985,0.014611923,0.38321045,0.86906195,-0.014186452,-0.363041,0.44297218,-0.58294564,0.008508171,0.01213672,0.23303138,0.31834206,-1.358209,-0.0019303749,0.4555036,1.3403239,0.037572727,0.23963243,-0.71476084,0.29948357,-0.18568029,0.56662947,-0.3273839,1.2552285,-0.05426295,-0.284216,0.22606911,0.63178414,0.4210535,-0.12004538,0.6677878,0.22299334,-0.05238139,0.6697271,-0.25044215,0.9608978,-0.24558385,-0.06239286,-0.71188986,0.46031177,-0.29764766,-0.3244899,-0.5016354,0.43190497,0.7512652,0.07759739,0.07897619,-0.36439714,-0.15264936,-0.05067584,0.13962188,0.17039004,-0.28961506,-0.5330213,0.59102225,-0.1445277,0.12811594,1.1499848,0.35321045,-0.017445266,-0.05199255,0.68087953,-0.44004884,0.16268423,0.33620432,0.035830315,0.4370965,-0.5748033,0.76217234,1.4211454,-0.41922125,0.53262246,0.30577344,0.34357956,-1.5627264,-0.19850358,-0.14724492,0.11932941,0.15927345,-0.25542718,-0.78784084,0.10054094,-0.65245235,-1.0727483,0.313455,0.2062929,0.52566785,-0.9197464,0.41448376,-0.6153266,-0.14230287,-0.037323453,0.33678842,-0.0956103,-0.46093813,-0.33776388,0.8627911,-0.6375799,0.18659794
105,0.37971947,0.14883517,-0.20698711,-0.07949239,-0.42430705,0.10208818,0.31327805,-0.5209127,0.5373715,-0.54139274,0.68737715,1.2749591,-1.4158137,0.30644757,-1.0380317,-0.35000828,-0.29504183,-1.2351305,-0.11234107,0.85688466,-0.0064099524,-0.21235844,0.6157246,-0.08714938,0.19261762,0.0122138485,1.1259362,-0.17518085,-1.3741767,-0.19862491,-1.080257,1.2926943,0.7039097,-0.11180477,-0.030568497,0.7336804,-0.54502714,-0.22868352,1.4583591,-0.8360577,-0.14773607,0.27509716,-0.41975266,1.3112719,0.9662099,0.4115569,-0.9597027,-0.41931283,0.5044311,-0.1634402,0.58142924,-0.4848103,0.4731018,-0.8945085,-0.29614872,0.3612565,1.1467437,-0.6410262,-0.15855376,0.47466967,-0.3717852,-0.4950705,0.43119326,0.31314418,-0.014347486,-0.4291598,-0.063177995,-0.44122636,0.7063012,-0.14025986,0.31454206,0.0866873,0.83788306,-0.023440585,-0.2984589,0.45088616,-0.4824491,-0.25435254,-0.11600694,1.4431397,0.34983122,-0.117009684,-0.14599246,-0.17460911,0.013923778,1.1635387,0.49693513,0.57531685,0.48307362,-0.16020152,0.49039042,-0.4958573,-0.7931981,0.043450378,-0.1233718,-0.029688694,0.79347897,0.8271169,0.859555,-0.050424263,0.53690386,0.06627224,-1.1770852,-0.29494143,-0.7521053,-0.297993,-0.79612,-0.6952631,0.047002222,-0.49115932,0.64505386,-0.57997125,-0.32283235,-0.13631709,-0.3501997,-0.33017835,0.04578464,-0.42836747,0.038075436,-0.40253538,-0.4775687,0.16785648,-0.06491949,-0.009473689,0.89211917,-0.0013330457,-0.18563002,0.49872392
106,0.47377414,0.27972484,-0.07608123,-0.07315206,0.4085786,0.699675,-0.08919481,-0.8701582,-0.3057337,-0.13243169,0.19740357,1.1027005,-1.0847315,0.5525171,0.5010845,0.06953992,-0.7225766,-0.07527275,-0.69931966,0.03829704,0.14876322,-0.048093345,0.17273907,-0.22684948,0.122723505,0.8043796,0.912463,0.48613554,-0.41831046,-1.185541,-0.30663952,-0.33740464,1.2146782,-0.29427144,-0.1595328,0.5871135,-0.14286394,0.7036531,0.9097662,-0.020380907,-0.63129133,-0.87714374,-0.10486724,0.972487,-0.2834112,0.09139252,-0.82595026,-0.41295654,0.04096622,1.2004869,0.39784285,-0.052503947,0.11869476,-0.2617542,-0.54246074,0.21789423,-0.5910503,0.31810597,-0.21824484,1.2202234,-0.40200114,0.101173416,0.76221824,-0.36231977,0.4097355,-1.6335218,-0.3805095,-0.04550933,-0.15915199,-0.30716842,0.4255702,-0.31702867,-0.1507328,0.5429598,0.57597196,-0.68522227,0.07960961,-0.19993481,0.029958908,-0.23605587,0.27438203,-0.23528104,-0.33188578,0.34300628,0.64555526,0.041196894,0.9588986,-0.42636812,0.25943542,-0.8388854,-0.37365475,-0.375617,0.5117622,1.7880455,0.3258306,0.04360224,0.2648697,-0.6740734,0.18136713,-0.29257593,0.37490857,-0.12979722,-0.47269297,0.0043301173,-0.6540576,0.16231818,-0.24752733,-0.40711567,-0.83809453,-0.21228002,1.7483548,-0.14150292,-0.43508723,0.44309238,-0.5982104,0.8099899,-0.907249,-0.16984206,0.64088213,0.35689938,-0.3498616,0.27572128,-0.42459562,0.24998584,-0.098193415,0.6198902,0.18272361,0.23626761
107,-0.08790591,1.06228,-0.623734,0.5646157,0.58652914,-0.17930269,1.4098117,0.4845376,0.15880741,-0.16474581,1.0307251,0.79356533,-0.61631006,-0.13541609,-0.5112562,1.464344,-0.11779839,-0.36955333,-0.76613474,-0.5221134,-0.31368375,-0.39626974,0.305834,-0.6537569,0.17960416,0.4414693,0.09206885,-0.29518566,-0.33972013,-0.2736064,-0.5084493,-0.7387059,0.8586213,0.09453632,-0.9220526,0.2976131,0.28166866,-0.40352446,0.43357098,-0.6113894,-0.08433931,-1.1545008,-0.050582554,0.8428492,-0.313116,0.1560741,-0.78862256,-0.620398,0.94142723,0.83079165,-0.16919005,1.2272863,0.80171156,-0.5741655,0.012424801,0.1134922,-0.05384782,0.3362093,-0.018731419,0.51174873,0.184145,0.2331342,0.41153237,-0.495606,-0.06932614,-0.37725282,0.29977646,-0.085336596,0.88965666,0.42654765,-0.027394587,-0.5887994,-0.028137922,0.66125685,-0.5571814,-0.78937215,-0.07918098,-0.298722,-0.456389,0.24702083,0.9620498,0.05438818,0.5743708,-0.59639114,0.9935403,-0.6374456,0.19464956,0.124478355,0.51835144,-0.04892846,0.12803651,-0.8286075,0.6954782,0.9748892,-0.19536127,-0.67779076,0.26122501,0.5542424,-0.04810652,-0.19358718,-0.83954674,-0.8934698,0.19586961,0.23036322,0.525389,0.126872,0.6608699,-0.5484907,-0.1619006,-1.3128215,-0.16697936,-0.25686848,0.22877704,0.56742287,0.32445025,0.9147135,0.57783985,-0.024752123,1.2661085,0.38048637,0.040489413,-0.1031769,-0.9243002,-0.1929454,0.36673892,0.759366,-0.6826415,-0.20524803
108,0.1081137,-0.38141534,-0.5752511,-0.1155002,-0.4512127,-0.13455863,0.100925036,0.13894285,0.35225436,-0.5999448,1.350633,1.368222,-1.0985545,-0.21420942,-0.15764575,0.24775442,-1.0140109,-1.3404237,-0.25066602,0.74090695,0.31705892,0.23444776,-1.1053063,0.14329718,0.4586625,-0.1356582,-0.28715405,-0.62254566,-0.6817617,-0.53159195,-1.7149683,0.41852045,0.9464979,-1.1025215,-0.016987236,0.839418,0.4312356,-0.42888454,-0.22587599,-0.66897655,-0.43016645,-0.6709387,0.87489945,1.3588831,-0.2383718,-0.020880042,-0.5842175,0.82509506,-0.2916754,0.06358881,0.6907856,0.50981134,0.75914437,-0.41857567,0.549379,0.8429308,1.0836453,0.64400655,-0.20826635,0.98248017,0.16568188,-0.010344858,1.3499881,0.8394034,0.3424475,-0.18161315,0.2530526,0.33669886,1.0021234,-0.054405514,0.3002261,-0.25782865,0.033489376,0.96407795,-0.16120838,0.1592148,-0.5378042,0.9387655,-0.20424786,0.9912413,-0.28011897,-0.562183,-0.2603762,0.75257397,-0.8167891,0.21143876,0.08768954,0.43741408,-0.09136389,0.16154349,-0.6664538,-0.6786275,0.02750052,0.13576214,-0.9707605,0.5122083,-0.1455512,-0.4622993,0.6684809,0.35625938,-0.27681318,0.84020823,-0.30343714,0.8305271,-0.4319905,0.014533965,0.31391412,-1.0870445,-1.1301683,-0.89576113,0.55788493,0.5876124,0.052490663,-0.49842584,-0.19776966,0.66260326,-0.35172823,0.24879117,0.41187635,0.13958901,-0.49253678,-0.5843822,0.5331229,0.53357095,0.988664,0.23657951,-0.86449254,0.29295713
109,0.17724712,-0.8407822,-0.85591954,0.7064254,-0.15325588,-0.5014819,-0.0011798339,0.09584752,-0.1943859,-0.36383942,-0.013594032,1.0925175,-0.5844874,1.174164,-0.8726146,0.541029,-0.39969388,-0.43529275,0.7787158,1.1433718,0.050216496,-1.0265651,-0.53660274,0.7355997,1.0358189,0.31368303,0.32417116,-0.10914303,-0.52142197,0.3012877,-0.37362078,0.17611095,0.44038138,0.43320775,-0.61283267,1.1195525,-0.46908787,0.6757865,0.81701034,-0.9983065,0.2755831,-0.8542912,0.23705724,0.35426328,-0.45575786,0.31372097,0.14747958,-0.3296129,0.7890443,-0.012617555,0.2134505,-0.5613173,0.6072863,-0.47176358,-1.0004306,0.34709805,0.325892,0.6738572,-1.6948342,0.34483564,-0.3577751,0.021664675,0.47796842,0.4832696,0.7054947,-0.7647442,1.0378506,0.27916157,0.6529288,0.12563953,-0.45911506,-0.4488931,-0.7405027,0.3630236,-0.021429047,-0.4164624,-0.41774198,0.20423485,-0.24727054,0.57917273,0.7383749,-1.314998,-0.5760669,-0.5973731,-0.591992,0.4956649,1.3644742,-0.58518744,0.21247989,0.40319052,0.275284,-0.44771594,-0.20880404,1.144592,-0.33199432,0.57099414,0.8066949,0.7836153,-0.040916022,-0.94475895,0.4719523,-0.7330519,-0.31274003,-0.515871,-0.085193515,-1.269701,-0.40056106,-1.0242215,0.2810769,1.0335095,0.6952324,0.103360385,-0.5294431,0.47126803,0.3035246,1.0544542,0.2561267,0.7623035,-0.29419115,-0.58337283,-0.9137206,-0.619995,0.32660186,-0.15586297,0.30826142,-0.09285075,-0.4601478,0.3366895
110,0.4641822,0.96535367,0.86447334,0.99814355,-1.0540869,-0.15009657,1.0230815,0.24556112,-1.1202453,0.3266776,-0.15076046,0.6625625,-0.039175633,1.2919426,-0.9380104,0.038658865,-0.44875795,0.31542748,-0.011264045,0.6497382,-0.016926438,-0.5160262,0.023450008,0.574311,0.0563983,0.31834874,0.25760025,0.970492,-0.46700907,-0.25493684,-0.44354305,-0.5840232,1.0262736,-0.45675015,-0.5783974,0.6987803,-0.44317022,-0.95717824,-0.6592746,-0.052846152,-0.80430686,-0.14095904,-0.6896254,0.5546435,0.09280077,-0.30087093,-0.6508422,-0.71588236,0.26906502,-0.3509736,0.120303445,0.55383635,0.6608354,-0.45939484,-0.12066842,0.07688816,0.06878392,-0.32972735,-1.5424774,0.5307884,1.1479635,0.12659551,0.987401,0.21353658,0.58202493,-0.5485958,0.20907375,-0.8093687,-0.66542417,0.41514495,0.08558301,0.05003077,0.24623057,0.5594915,0.7040357,-0.9992273,0.23069261,0.42119908,-0.037504487,1.0583092,0.14319892,-0.6590955,0.01724849,0.47267005,0.22421087,-0.2462451,-0.97957844,1.3128088,0.16880596,-0.04410578,-0.23473676,0.20598796,0.6868538,0.6256782,0.09134414,-0.5743752,-0.2395734,-0.6752617,1.9246781,-0.9881989,0.022909166,-0.61905426,-0.6732436,-1.303238,-0.043148473,-0.56198883,0.48071593,-0.24852791,1.1727048,-0.47005105,-0.1358656,0.050566405,-0.014263609,1.275107,0.2728458,-0.3735772,-0.77507323,0.2563125,0.062981375,0.36559168,0.12278349,-0.4175079,0.7321357,-0.67627263,-0.6655004,-0.4359969,-0.97896516,-0.5687895
111,-0.35877293,0.1678795,-0.8782577,1.1256973,0.1620467,0.7527107,0.029912313,-0.6108282,-0.79060864,-1.1973984,0.25329944,-0.1949216,0.051960148,0.419517,0.3677495,-0.46638262,1.0828301,-0.35235265,-0.20267865,-0.052954767,-0.049841728,-0.0024369664,0.6713568,-0.10468557,-0.193435,0.60999084,0.5364476,-0.15906082,-0.33047894,-0.7907776,-0.26968697,-0.25938347,1.5082511,-1.1248279,-0.7648709,0.288239,0.095165156,0.4021239,0.77192336,-0.107491486,0.030317387,-0.71896327,-0.40501353,0.43214396,-0.1732586,0.43102732,-0.69253343,-0.10760716,0.77355486,-0.19208433,-0.060335264,-0.25639912,0.045966357,-0.04598694,0.58378166,-0.68437946,1.4035736,-0.5231711,-0.92588454,0.9579545,-0.27272835,0.35410598,-0.16113831,0.050998695,0.45889056,0.012253202,0.6681125,0.14832272,-0.045976397,-0.097249925,-0.24972844,0.10766613,-1.0159142,-0.3924453,0.019328777,-0.014220569,-0.14224721,0.23703992,-0.016831273,-0.1050947,0.73153245,-0.8189928,-0.32020828,-0.042800914,0.92005473,0.9460228,0.015814586,-0.53693914,0.76205045,-0.2899701,0.3349124,-0.80636096,0.61092323,1.0695703,-0.34268293,-0.22501981,0.26590693,0.59617233,1.4320686,0.041238487,0.04206633,-0.7802084,0.29783893,0.77359414,-0.584077,-0.14602709,0.029662421,-0.27246633,-0.18580891,-1.0715307,0.69984555,-0.18742922,0.24199277,0.0031152442,0.093239024,0.53854436,-0.30259445,0.20064546,-0.10398483,-0.21551518,-0.43974587,-0.0069621983,0.327242,-0.9265494,-0.1678464,0.6377068,-0.7414746,-0.499532
112,1.01217,-0.19299392,-0.18146516,0.28850895,0.0019672345,-0.4922338,1.4414746,0.7856214,-0.2914543,0.4589509,-0.07985093,0.9794084,0.38469395,1.0494295,-0.2100067,-0.9722927,-0.16582212,-0.3589308,0.08130543,-0.34700048,0.25833434,-0.10368209,-0.40986046,-0.24989153,-0.55076283,0.55151564,0.19333944,0.36163327,-0.20778352,-1.0360923,-0.21507981,-0.15114836,0.8210945,-0.44019976,-0.8647244,2.0764282,0.0777186,0.5360902,1.0189308,0.34977138,-0.40524754,0.6579425,-0.22768036,1.4608052,0.5827533,-0.21692777,0.42744964,-0.76959866,0.08706096,0.34357938,0.8181747,0.1534317,0.49328595,-0.6496593,-0.2339711,-1.3675604,0.4864792,-0.66700566,-0.82487357,0.35463595,1.0163183,0.13328364,1.0388012,0.16382672,0.12910251,-0.16216348,0.421438,-0.29923004,-0.33906907,1.0152752,-0.53898054,-0.4193542,0.22285524,0.7113751,0.37350518,-0.6200167,-0.098403655,0.3922653,-0.00693347,0.7451622,1.3176751,-0.9120654,-0.11739862,0.29235306,-0.32277778,-0.2762669,-0.44717193,0.99575055,-0.53016084,0.034005433,0.24763077,0.19302438,0.46032232,0.31910002,0.50926083,0.18064818,-0.24571247,-0.8129355,0.773708,0.067940004,-0.7448771,0.22426958,-0.33119234,-0.6933921,0.2912409,0.24021466,0.3042514,-1.2682236,0.68552524,0.4905106,-0.19556849,0.116375625,-0.61822426,1.2421435,0.9906378,-0.08549185,-1.3473426,0.024202876,0.63139725,-0.16845137,-0.6710846,-0.38520885,0.9438184,0.42459145,-0.46581447,0.20127264,-0.15142238,-1.2442
113,1.3069283,0.5388513,-0.22886953,-0.011671463,-0.67282337,0.071834534,0.377171,-0.5734225,0.14516376,-0.21702108,0.36564854,0.30624,-0.1966999,0.13071135,-0.17589048,0.83788997,-0.47029486,0.3224769,-0.43944293,0.13486627,-0.035960913,-0.23831172,0.29675755,-0.8647816,0.12547903,0.35372904,-0.6188714,-0.25401127,-0.50753486,-0.96722764,-0.54487795,0.31853747,0.44723514,-0.39132163,-0.31967258,0.012071497,0.23400761,0.6434463,-0.24853206,0.21426575,-0.85391134,-0.4210454,1.1065575,1.4505881,0.15395221,0.37119526,-1.1826898,0.20862268,0.76887536,0.21283826,0.020674076,-0.29719907,-0.21652427,-0.79406357,0.7173947,-0.61613005,0.7243691,0.13887501,-0.5432143,0.38004977,0.1646799,-0.14607105,0.5787411,-0.25029203,-0.2069211,0.0781233,-0.10882638,0.12902266,0.4866774,-0.26327464,-0.5467452,-0.23651986,0.23446122,0.90467846,-0.94655955,-0.5900509,-0.8349981,-0.3265306,-0.6031713,-0.36759162,-0.34300053,-1.2050802,-0.40197197,0.5384314,-0.14855273,0.046692133,0.8646696,0.5169887,0.6895812,0.33310664,-0.3169578,-0.7824962,0.7669299,0.13483618,-1.3030559,-0.079605766,0.2601059,0.6186935,1.202485,-1.3639514,0.2687559,0.30722633,-0.5397762,0.24351704,-0.7388655,0.0905399,-0.18716301,-0.21373622,-0.33172223,-0.45577896,0.29080752,0.21383062,-0.26055294,0.9833153,-0.45439205,0.37330866,-0.34369168,1.157904,-0.59851456,0.13878557,-0.06869688,-1.1753906,-0.8429537,-0.5062547,0.28314838,0.61001015,0.19952436,0.46164796
114,0.3692095,-0.1333447,0.053936895,0.2991872,0.122850545,-0.17628731,-0.18621713,0.17449327,0.038371123,-0.3240392,0.2203005,1.3215585,-0.3473096,1.0929288,-0.6039218,0.61459655,0.67799956,0.23669036,0.105109386,-0.6023028,-0.15943107,-0.12699074,-0.04611709,-0.03817398,0.18654001,-0.19573696,1.1181895,-0.8192735,0.38335535,-0.23935968,-0.15721193,-0.03834047,0.3195135,0.15617749,0.040756747,0.6278076,-0.05048312,0.5982516,1.0733018,0.39810947,-0.40374917,-1.556284,0.7834929,0.62025046,0.26596805,-0.6034295,-0.97887325,0.0013367013,0.505977,-0.24611416,1.2445468,-0.124076836,0.86649126,-0.7529795,-0.19764462,0.13463905,1.0351938,0.21752656,-0.7585476,1.1742808,-0.45075643,0.15133756,0.98196304,0.46861336,0.1746564,-0.40225032,-0.49276745,0.47838882,0.7646543,-0.8496625,0.105854444,-0.21179289,0.5531514,-0.7378997,-0.34076458,-0.38825297,-0.06138772,-0.53885,-0.38173917,-0.23426685,0.57812655,-0.20921071,-0.59333104,0.04430567,-0.110439405,0.55769,-0.51853216,-0.43855587,0.7877602,-0.61640257,0.45427236,-1.2833203,0.44941834,1.000992,-0.6111124,-0.3760848,0.7061337,0.17069942,0.18583886,-0.72405577,0.23147471,0.5144504,0.7326481,-0.023771726,-0.44764683,0.13838859,0.26194257,0.5506787,-0.15063722,-0.42286336,0.99411833,0.90954584,0.15476905,-0.8588212,-0.12800375,0.48892525,0.09511002,-0.39209345,-0.51744705,0.28928423,-0.42382762,-0.13711227,-0.24831244,0.038698167,0.04784395,0.5103021,0.29350436,-0.01090679
115,1.0213327,-0.5282745,0.26240578,0.05148722,-0.35257748,0.23792268,0.5496591,-0.02467613,0.5322353,0.23866746,0.5902061,1.3541886,-0.027336227,-0.028508008,0.1621294,0.041593492,0.38788664,-0.5121842,0.23522004,0.15446562,0.0727794,0.12628825,-0.50639355,-0.87414324,0.9482324,0.26873747,0.36207658,0.52760553,-1.0873084,-0.9614948,-1.0967013,-0.03762536,1.2948273,0.6133174,-0.996473,0.6954603,1.1301132,0.17815271,0.76417136,-0.20681204,-0.0011730479,-0.6420773,0.33236542,-0.38120562,0.63778526,-0.17485382,-0.7838063,-0.26543084,-0.006178077,0.7572225,0.83528286,-0.41248855,-0.6050726,-0.5633117,0.3900027,-0.39492726,0.806467,0.20762269,-0.68836683,0.23078874,-0.08288782,0.84120643,1.0916771,-0.035421405,0.7245161,-0.9774169,0.5696267,-0.3721311,-0.120238304,0.41438282,-0.58704615,-1.3051486,0.50028676,0.5491817,-0.20640688,-0.55437624,-0.44204253,-0.14711943,-0.2427428,1.2713083,-0.032547288,0.06434114,0.0127530275,-0.09735229,0.5173675,1.0514127,0.8662088,0.2726752,-0.32544255,0.20946507,0.86275226,-0.6385436,-0.3715084,-0.2889909,0.7687951,-0.13928829,-0.36107737,0.038572434,0.9263674,-1.4202071,-1.0747453,-0.52273124,-0.740476,-0.038748767,-0.8459819,-0.64015377,0.526744,0.0900814,0.15808845,-0.59451497,0.22925293,0.010192312,-0.8157426,0.59753114,-0.46185696,0.2879253,-0.27197024,0.01972154,-0.4295456,0.4196768,0.020512512,-0.21034187,0.40864563,-1.088299,0.21557383,0.6549817,-0.5816486,0.19405629
116,0.71720994,-0.5656501,-0.9282213,1.2330985,-0.19012475,-0.94243413,0.20032729,-0.55420077,-0.010984331,0.26662844,0.38319218,-0.31704566,-0.33445674,0.12614028,-0.7276099,0.110496804,-0.91222954,-0.8465605,-0.023030812,-0.3691413,-0.94371164,-1.0540438,0.114100605,-0.83718383,-0.7394023,0.64875036,-0.095194995,1.1218694,-1.0396544,-0.6924479,0.09700707,0.27236316,1.6166835,-1.0592539,-1.0357817,0.42868882,-0.552133,0.21452692,1.2213823,-0.28844437,-0.77223295,-0.08089241,-0.4386536,0.6117998,0.5021754,-0.21552259,-0.057891686,-0.99368906,0.2529379,-0.32767126,0.56467015,0.285818,0.11615679,-0.3664429,-0.47853908,-1.1395171,-0.25612086,-0.0004769314,-0.98139083,0.8743639,-0.33545932,0.18899481,0.44621307,1.004099,-0.23755129,-0.6059938,-0.027704004,0.52666825,0.63130504,0.23479399,-1.3801522,0.12518872,-0.033210125,1.1979405,0.3636458,-0.45827174,-0.29690808,1.008887,1.0943806,-0.2717506,0.8269704,-0.760625,0.47901982,0.3310007,-0.6433608,0.5085224,-0.93105,0.23734464,0.47177213,-0.15323292,1.0345395,0.42256808,-0.012952748,0.2872748,-0.8525148,0.34209806,0.22513887,0.011573414,0.43270424,-0.16231534,0.4841476,0.23308669,0.19475108,0.14117937,0.79559124,0.049698927,0.5253631,-0.029816955,0.92000985,0.32859877,-0.10092823,-0.15368648,-0.71486264,1.349865,-0.24360062,-0.08606458,-0.9190738,1.0492429,0.61994034,-0.061497338,-0.14248724,-0.7250858,-0.81380767,-0.2101471,0.30963942,0.59732723,-0.118955456,0.55203176
117,0.39444423,-0.1612738,-1.0639104,1.3672937,0.1519561,-0.6775008,0.84138787,-1.0819494,0.16634053,1.5201094,-0.66165346,0.9495376,0.7599439,1.2479109,0.06507268,0.42524216,0.27583742,-0.5798753,0.66071606,0.18328518,-0.2631505,-0.1326427,0.036677808,-0.7808614,-0.511779,0.5156704,-0.4883369,-0.053373642,-0.3920014,-0.20055608,-0.33270916,-0.4543442,0.6160559,0.40894714,-0.70125115,1.2962102,-0.10890594,-0.3594258,0.6770829,-0.02663155,-1.1272002,-0.08628487,0.68264234,-0.089937136,0.4951689,0.4281817,-0.023838852,-0.83531845,0.08535602,-0.20805866,0.8631147,0.549534,0.67154205,-1.322218,0.28620318,-0.31555575,0.101925105,0.9897625,-0.5577168,0.077558026,0.0009363237,-0.3745532,0.58223534,0.6964055,0.09933973,-1.2974828,-0.6218573,-0.24942026,0.82432324,-0.46427915,-1.0625799,-0.21782316,0.6323652,-0.65426123,0.411404,-1.7361584,0.17134641,0.50562483,0.38654986,0.5486054,-0.4767119,-0.7274379,0.44779688,-0.053190146,0.041729394,0.23242736,-0.4021238,-0.10567338,0.17476831,-0.61585325,0.7279615,0.4308191,0.6650381,0.5089532,0.4183329,-0.44930544,-0.05030522,-0.34668905,1.277961,-0.4556101,-0.124201655,-0.38941076,0.22308435,-0.6197688,0.6420621,0.4904732,1.5266502,0.00036449975,0.77093756,-0.9589006,-0.5385569,-0.2689825,0.4854658,-0.62581396,-0.13093084,0.08315174,-1.5892801,0.31107977,0.35875788,0.09137924,-0.12187091,0.557112,-0.31894737,-0.928473,-0.36070243,0.14332913,-0.7165079,-0.44040662
118,0.78297293,0.5567778,-0.692006,0.5365245,-0.6078345,0.57735026,0.5597354,-0.8266342,-0.47935778,-0.40058014,0.3500561,-0.4193115,-0.41375172,-0.26713106,0.15566029,1.0387027,-0.18186665,-0.62550086,-0.6801653,0.2176275,0.40194178,0.09727252,-0.36726356,-0.8610669,-0.084242895,-1.0178276,0.67253935,-0.7393319,-0.2821195,-0.7325257,-0.17958839,0.05909464,0.3298856,-0.019031864,0.10185341,1.4972911,-0.22878955,-0.7061298,0.23148705,0.27522495,-0.4091677,-1.1171794,0.36690935,0.4697882,0.2452812,0.4233041,-1.2960434,-0.23782425,-0.3671891,0.17667818,1.4546468,-0.23416623,0.42578423,-0.18943469,0.34788597,0.32689056,0.4395083,0.64578617,-0.82905513,-0.45949957,-0.30099583,-0.28042537,0.4373924,0.5859594,0.77742267,-0.5234102,-0.5515799,0.29846576,1.2146201,-0.7365569,-0.6024784,0.74745256,-0.55326325,-0.47287098,-0.35906237,-0.41565123,-0.22372577,0.21453299,-0.024906505,1.0875095,-0.29568857,-0.16949901,0.5180151,0.7283035,0.4320427,0.020165272,0.8190241,0.03402749,0.09818467,0.48141876,0.2492481,-0.6996759,0.52771187,1.0579588,0.29535183,-0.63877314,-0.19515112,0.16345988,0.47393614,-0.07593091,-0.039042663,0.44039863,-0.0006675782,0.10600352,0.43610242,-0.2981358,0.8884325,-0.4033553,-0.14828874,-0.16785379,0.010058522,-0.13473572,-0.046008587,-0.29795265,0.45421377,0.681617,-1.5167587,-0.75818646,-0.16855417,-0.40472943,-0.74447554,0.4182849,-0.22864583,-0.10137482,0.6810561,0.29255313,0.091279715,-0.20720206
119,0.38463685,-0.18464345,-0.7178469,-0.65403485,-0.22392222,-0.031074308,0.012677238,-0.2737848,-0.021208553,-0.6088943,0.6586588,0.9705566,0.35707352,0.8222639,0.10530086,0.46866587,-0.26067632,-0.91597,0.5559805,-0.5223967,-0.42047152,0.034776054,-0.27294764,-0.22827604,-0.33695835,0.2505151,1.113036,-0.21249954,-0.26402065,0.16925333,-0.55576026,-0.10631367,0.44207337,0.047536172,-0.7682088,-0.09674799,-0.50569195,0.5578894,-0.10246956,-0.47016177,0.34079066,-0.09169911,0.8507913,1.0205957,0.42316338,0.41660166,-0.08455756,0.14870983,1.1483519,0.0655297,-0.5001121,0.69716126,-1.0670705,-0.9538313,-0.6869117,0.0070679365,0.93467474,0.17324565,-1.2523559,0.16622408,-0.6917228,-0.5610892,-0.0862887,-0.53072184,0.358339,-0.2962334,-0.63869,1.622992,0.0021071744,0.5932347,-0.6145936,-0.27311304,-0.034468412,0.059116337,-0.48955837,0.61677414,0.5604365,0.071462795,-0.9139118,0.86524713,0.8400556,-0.8443212,-0.58893883,-0.7258967,-0.26777887,0.3610779,0.52945125,-0.47939178,-0.5924227,0.61392045,-0.19506001,-0.49574015,1.0848523,0.79638225,0.4097655,-0.6638092,0.28342643,-0.52530736,1.1408991,-0.7207213,-0.6738638,-0.16648911,-0.67498255,-0.79581374,0.36718646,-0.52490056,0.60256183,0.34445304,-0.45698556,-0.7031685,0.65199435,0.038831025,0.96485543,0.035059854,-0.56078106,0.92349815,-1.0680257,-0.14965369,0.29261327,-0.049213145,-1.0687422,0.2234202,0.37340578,0.80272156,0.12134065,0.11749249,-0.64187574,-0.40157562
120,0.80119056,0.62732357,-0.2598657,0.6212166,0.32749885,0.13178942,1.0443559,0.3903542,-0.48645237,-0.3328052,-0.44515914,0.03175845,-0.35944363,0.7513704,-0.5584474,-0.23498484,-0.29157916,-0.6551035,-0.97534794,0.27509242,-0.57209367,-0.39879397,0.76778287,0.1411527,-0.4278952,-0.60445136,0.13693197,0.6910435,-0.89093,-0.45770228,0.260334,-0.0185045,0.9487755,0.268457,-1.0228795,1.1227092,-0.24286643,0.28834826,0.40760198,-0.071067676,0.091502406,0.5161831,-0.5320176,-0.11277451,0.80170417,0.5051677,-0.9180366,0.2877424,-0.15696923,0.10933858,0.7046645,0.016463244,1.2643775,-0.030557005,0.20809731,-0.44425204,0.3584729,0.13176441,-0.24544144,0.8832333,0.4484544,1.0751837,0.5738282,1.1376517,-0.71272373,0.29986092,-0.20021574,0.5902502,0.43646,0.45429036,-0.9071163,-0.08183471,0.35861436,0.45681503,1.370892,-0.15576395,0.0022263255,0.346147,0.04597782,-0.7062509,0.87930703,-0.31349826,-0.31353217,0.41640177,0.20114832,1.1014898,-0.7098352,0.9191698,0.0628353,-0.39975318,0.7445717,-0.27125394,1.3572116,0.41663268,-0.4870804,-1.0435983,-0.46713063,0.11932597,1.877568,-0.6798539,-0.42496002,0.17464976,0.25173098,-0.72353315,0.3855038,-0.44691548,0.19434564,-0.9059325,1.3792311,0.32971215,-0.059119534,-0.117402494,0.092947975,0.75110304,0.35253668,-0.4710483,-0.21804328,0.071643785,0.52099305,-0.36176065,0.095889926,0.2409606,-0.6080722,-0.25523302,-0.22307646,-0.8552798,0.18041474,-0.40995649
121,0.27644193,-1.1815159,-0.31723395,0.8197103,0.48718792,-0.16126095,0.681647,0.75448793,0.07203889,0.50828487,0.749128,0.5705759,-1.35313,0.32732648,-0.18806057,0.031390745,-0.3657152,-0.8293911,-0.0879922,0.4907581,0.118535824,0.102623984,-0.36774272,-0.8161583,-0.3334685,0.25417325,0.58016765,0.052570626,-0.9847294,-1.4417671,-0.09749037,0.010005669,1.4980145,-0.18845047,-0.260707,1.3692217,-0.3233251,0.02411577,-0.3141278,-0.2866733,0.70132244,-0.21779443,0.27720463,0.93836486,1.1060545,-0.19609985,-0.78233224,0.23114924,0.5105277,-0.0724988,0.4790515,-0.40507022,0.70814216,0.020301886,0.10529751,0.13064627,1.0205754,0.4357261,-1.602072,1.12783,-0.5758326,-0.7080068,0.25385237,0.765167,0.091970116,0.406441,0.27328393,-0.12997931,0.54903185,-0.11248098,-0.23642637,0.37987986,0.54026115,0.7267375,-0.15317407,-0.09360073,0.066579424,-0.4377209,0.45438734,0.8335679,-0.5444097,-0.37295035,-1.6053672,-0.3939381,0.0017816937,-0.114293,0.3772644,0.05167369,-0.20865746,0.25947577,0.8822696,-0.5561867,1.2675356,-0.17277865,-0.3950125,0.051528778,0.682357,-0.28621313,0.12287738,-0.40754408,0.1518552,-0.02006804,-0.045583416,0.1348858,-0.4867383,-0.41331667,0.41452217,-0.45542824,-0.116381,0.19047791,-0.033253144,0.1046998,0.1842554,0.7362801,-0.8227983,1.0511068,-0.33284307,-0.21790947,0.7166181,-0.107161455,-0.10706711,-0.8086415,-0.75720745,-0.51192796,0.58673763,-0.9427776,-0.21362385,1.3736355
122,0.43980533,-0.001316127,-0.4665337,0.4023443,-0.2010099,-1.0477208,0.6199089,0.045565378,-0.09368062,1.1008395,-0.34371883,1.0347092,-0.24231467,0.7072941,0.27687556,0.71474016,-0.15974988,-0.3896075,-0.4025716,0.6528179,0.39094743,-0.26566437,0.029608533,0.7973591,-0.31264794,0.11464104,0.3830893,-0.2830104,0.13800031,0.2646963,-0.2356152,0.44257668,0.9077122,0.3939539,-0.457317,0.9359227,-0.69384384,0.87768024,0.37511304,0.34677604,-0.2401659,-0.34442064,-0.19057143,0.4845776,-0.3143173,-0.49022207,0.5743373,-1.0848505,0.544486,-0.87004066,0.3027864,0.14283775,1.055857,-1.2079754,0.07341981,-0.5858402,-0.22925,0.030151466,-1.3135934,0.55681914,0.0045087733,-0.06622279,0.024659095,1.549529,1.2369443,0.3269139,-0.07799527,0.60956246,-0.39745063,-0.51080483,-0.15595666,0.22256511,0.43141302,-0.2912806,1.1944993,-0.81286556,-0.3573506,0.11541787,0.61223763,0.39481992,-0.26190045,-1.3408489,0.24233162,0.6171947,0.54307246,-0.10900155,0.109644435,0.16848509,0.13652767,-0.7027777,0.7889648,-0.21912907,0.53187245,0.8524302,0.8089285,-0.7991842,0.27024373,-0.8727544,1.4577583,-0.7926561,-0.0466063,-0.29574966,0.28616655,-1.1253228,0.66302264,-0.30107385,0.48004004,0.41775095,1.29302,-0.09453453,-0.28121758,-0.23347457,-0.494942,0.91241354,0.6168682,-0.25125328,-0.6167786,0.2441542,1.1907909,-0.17564204,0.22931772,-0.6960895,-0.23502082,-0.6246904,-0.38699907,0.23512919,-0.21626113,0.9077177
123,1.2142041,-0.94835913,-0.8048014,0.31611678,-0.08371887,-0.035490755,1.1509736,0.2597845,0.3557753,0.5342569,-0.2559512,0.7904717,-0.9398797,1.0268947,-0.9824491,0.37087616,0.3902455,-0.69581544,0.18073165,-0.16510911,-0.28896645,-0.8232206,0.20037124,-0.017084826,0.22471169,0.8527905,0.7231116,-0.117837235,-0.9985641,-0.5617966,0.29104814,0.74688554,1.2911606,0.10796219,-0.6113317,1.1755482,-1.3304411,-0.80051947,0.3138023,0.22586672,-0.54023963,-0.62076205,-0.21938242,-0.051896047,0.15615557,-0.87776464,-0.38585505,-0.80057037,0.68293273,-0.7321957,0.9184071,-0.09522037,1.044016,-0.011377757,-0.06293599,-0.3094955,-0.17519157,-0.55130637,-0.2359773,0.99945676,0.58497256,-0.1552752,0.459172,1.4603677,0.27269578,-1.0192356,0.25401792,0.66851014,0.6844885,0.48962605,-0.4936336,-0.1663195,-0.49584526,-0.07415367,0.459652,0.3216116,0.092407666,-0.08555683,0.7041896,0.4495208,0.5120745,-1.7813848,0.43730897,0.8840465,0.35852882,0.7177175,-0.790935,0.73039675,0.076987326,-0.5520973,0.7298371,-0.43850476,0.53832245,0.11177055,0.3836888,-1.1025432,-0.16831328,-0.5309762,0.4453232,0.014103181,-0.021614213,0.49039543,-0.06124085,-1.0278484,0.7548975,-0.46529844,0.9176064,-1.2399001,-0.29365537,-0.70733577,0.43222612,1.0908728,0.59348905,0.7304105,0.34848347,-0.3061292,-1.1054139,-0.07446501,0.034164798,-0.13379373,-0.002997446,-0.2103682,0.33225462,-0.61901075,-0.52108765,0.731722,0.4081171,0.3138512
124,0.79071015,0.37271994,-0.09360892,0.13250229,-0.5116116,-0.6257245,0.10119573,-0.04060336,0.2465876,0.32284975,-0.19957241,1.1661742,0.2321735,0.8714152,-0.84054184,0.18948142,-0.015028402,-1.0794283,-0.38790348,0.23371325,-1.0798621,-0.55545616,-0.24453196,-0.029985668,-0.27014804,-0.03745875,1.3509341,1.1199294,-1.2658124,-0.03039976,-1.2965324,-0.11639444,0.28670806,0.13869216,-0.76721776,1.581363,-0.1661486,0.8178982,1.3669451,0.4991391,-0.69562066,0.13517088,-0.4657582,-0.1321152,0.1962678,-0.6471456,-0.3994515,-0.5281673,0.1664516,0.104725644,1.0745838,-0.36415216,0.6404131,-0.6572861,-0.72864467,-0.54999167,0.5716738,-0.8057156,-0.16612795,1.4228764,-0.26142523,0.44379896,0.20997061,0.18875064,-0.65921855,-1.3538254,0.5219123,0.041522402,0.102051236,0.68712455,-0.2535153,0.111365534,-0.26196623,0.19262564,0.7284097,-0.0058930167,-0.66309994,-0.12037587,0.5796963,-0.29037112,-0.2349961,-1.0651908,-0.20278129,-0.40241095,-0.24212715,0.6534764,-0.16694015,0.36495647,0.7049713,0.5017562,0.7962359,-0.40962848,0.27780658,0.6912221,0.8998487,0.29861557,0.82577145,0.3090893,0.69764555,-1.1996312,0.7932766,-0.58813715,-0.97601193,-0.1217729,-0.29760256,0.13417156,-0.013200352,-0.63798136,1.5177692,-0.30378655,-0.36443028,0.33715162,0.7869907,-0.051363345,-0.48755547,-0.84776527,-1.0587033,-0.63036066,0.7792332,-0.6311327,-0.03627269,0.1794793,-0.042064678,0.0036551445,-0.324704,0.47698817,0.19442356,0.08382214
125,1.1140597,0.4269784,-0.76808786,0.21521139,-0.68067783,-0.20605278,0.85275763,0.30507612,0.6646201,0.5468062,0.44554475,0.9666076,0.65574574,0.28311515,-0.095510155,-0.25244084,-0.40687212,-0.69617724,-0.0453478,0.6966383,-0.2650966,-0.3555826,-0.16291445,-0.59282887,-0.33976024,-0.09574044,0.28827363,0.24259835,-0.58667254,-0.6967183,-0.8519003,0.4973709,0.81199193,1.370271,-1.3482643,1.6126574,0.16885735,-0.5741159,-0.14576337,0.5747422,-0.49017417,-0.8373716,0.08204983,0.23115553,1.1357582,0.39260375,0.54372776,-0.3520703,-0.3219111,0.060322337,0.95308894,0.63107747,1.424253,-1.3033583,0.96913254,-0.35376638,0.31891912,-0.63850516,-0.4981949,1.3084859,0.31160533,0.4328796,0.6462774,1.0353775,0.8405202,-0.42614728,1.2207642,1.1118854,-0.8778803,1.1588854,-0.23825563,-0.6702193,0.5082469,-0.09914497,0.30245423,-0.52648705,-0.32831475,0.58622605,0.70389175,-0.36305133,0.88041973,-1.2915323,-0.82806563,0.2185229,-0.48782194,0.10031657,-0.4875858,0.19281258,1.1357247,-0.22494626,0.5293819,-0.33831924,-0.1240686,0.10782191,0.5417055,0.096591644,0.1752366,-0.48140213,0.9410013,-0.64703506,0.15792131,-0.31625402,1.0206182,-0.3031104,-0.053861596,-0.84575343,0.43716553,0.33256036,1.0731302,-0.5029115,-0.0040073944,-0.2670537,0.22902772,-0.35354486,0.46869645,0.19921431,-0.7770919,-0.659393,0.26428172,-0.6559632,-0.43727174,-0.2926381,-0.20830412,-0.54382944,-0.8282853,-0.1351306,0.47037852,0.204418
126,-0.010118184,0.11281455,-0.77570117,1.286133,0.25295037,0.62086904,0.5534272,0.34251216,-0.07385137,-0.9557176,0.8349596,0.55047375,-0.2718984,0.06881539,0.37383774,0.78196836,0.2881338,-0.3863136,0.2442372,-0.484758,0.20719412,-0.6387171,-0.3914905,-0.5033502,0.26112613,0.33176082,0.9996459,-0.56733125,0.8839794,-0.31665483,-0.08543647,-0.32320154,0.109301396,0.52752423,-0.25710475,0.3480375,-0.2095063,0.14017509,-0.024936356,-0.7823152,-0.11224437,-1.2375988,0.35258842,1.1213015,0.99622136,0.058168724,-0.67533004,-0.4540853,0.13666822,0.19106285,-0.278872,0.0041157794,-0.35381,-0.7615804,0.31124824,0.5065261,1.0420836,-0.6040278,-0.5535819,0.7673807,0.028798003,-0.25403285,0.34799922,0.014032045,0.45414898,-0.7268757,-0.6786327,0.16970593,-0.2622602,-0.32205388,-0.18505763,0.91734093,0.9264227,-0.36233383,-0.07609294,-0.6989739,-0.763944,0.0846069,-0.21112593,0.07613071,0.3944041,-0.93372685,-0.9083078,0.05616791,0.6778486,0.24913558,0.15709476,0.84514076,-0.9779752,0.6576818,0.3023341,-0.23930539,0.08331247,0.24780793,-0.74381065,0.2574346,-0.24519752,-0.21505295,0.6108863,0.45835745,-0.94585735,0.50515956,0.023592126,-0.0010059916,-0.20031202,-0.8560263,0.872328,-0.51402956,-0.244579,0.15027012,0.84969085,-0.20861065,-1.0157794,0.9482972,0.4462013,0.18001474,0.2778171,-0.6624766,-0.38408494,-0.2023855,-0.16468847,-0.3245645,0.21881029,0.412335,0.48662058,1.2257344,0.080244884,-0.03668922
127,-0.070863925,0.7134549,0.0006662775,0.7768652,-0.4142666,0.28054836,1.2840246,-0.040738128,0.21513921,-0.1144401,0.22622462,0.66345316,-0.911412,0.20339984,-0.4751478,-0.510801,0.031180238,0.65967625,0.67323166,0.8656107,0.71984726,0.1695933,-0.17924778,-0.00020543244,0.9483692,-0.33419695,-0.085377865,-0.4046561,-0.12259216,-0.026268074,-1.5335912,0.1250577,0.96635246,0.04240014,-0.083962224,0.35042423,0.17242002,-0.82912433,0.0046959477,0.28940365,0.5673179,-1.454784,-0.11876687,0.5927453,-0.036329698,0.3672706,0.4455392,-0.76686394,0.5295123,0.21868663,-0.33482218,0.5591329,0.028334774,0.095681235,-0.13301693,-0.5757011,0.23461404,-0.19541182,-1.6534442,0.34139422,-0.8340336,0.4009698,0.48645973,0.50887495,0.88742745,-1.3112236,0.32105285,-0.03632221,0.54974586,-0.621492,-0.023221605,-0.5523357,0.6813904,0.41511643,0.25245577,-0.8244191,-1.2020165,0.38759625,-1.0882409,0.71652853,0.4680071,0.0997389,-0.2562629,0.091738254,-0.6694773,-0.1865636,-0.16375545,-0.24174583,-0.19090568,-0.4340126,-0.5930392,-1.300179,0.7153686,0.59408504,-0.56182164,0.62338305,-0.45036623,0.07586754,0.5970725,0.014033834,0.35949516,-0.7519635,-0.35413286,-0.62962365,-0.8814513,-0.43250173,0.06081347,-0.43071365,-0.4583114,-0.44490865,-0.073045835,0.8877277,-0.5778548,1.0172356,-0.18655235,0.6941275,-0.3455858,0.68417305,0.4249795,0.41156054,-0.34186655,-0.88266915,-0.29874215,-0.37893367,0.17734471,-0.15990195,-0.24869132,-0.39532283
128,0.7533973,0.02299034,-0.67404103,-0.19548236,-0.31229228,-0.32052982,2.0984836,-0.21465637,-0.06187307,0.82671595,-0.6368488,0.8791975,0.018468345,0.43231294,-0.68760556,-0.53742224,-0.6982605,-0.28004104,-0.1893718,0.49763036,-0.21525808,-0.61619544,-0.48355094,-0.20128782,-0.80099213,0.10325026,-0.21333775,1.0801167,-0.43455592,-0.3962302,-0.573825,-0.19687188,-0.006923512,-0.548138,-0.53104687,1.013887,-0.3852659,-0.36730883,0.37494808,-0.28941035,-0.43599626,0.392216,0.12511879,0.68869376,-0.105207406,0.621762,0.36794487,-0.032602284,0.20788673,-1.018261,-0.6900961,-0.041329663,0.48233107,-0.73186773,0.24211542,-0.9651327,0.27774644,-0.79472786,-0.28587425,1.6061693,-0.16154657,-0.54616195,-0.407361,0.21974856,-0.70282346,-0.73002577,0.6821245,0.5585911,0.21772125,-0.43780082,-0.5596518,-0.8768913,0.5292416,0.48553658,0.0067169527,-1.2047931,-0.4175682,0.8427478,0.008516973,0.73432404,0.075278126,0.014922378,-0.06677718,0.44655934,0.14590937,1.0718254,-0.72558945,0.17403957,-0.119017676,-0.839397,-0.31356832,-0.042889368,1.1851094,0.51320684,-0.40948066,-0.5818543,-0.69153744,-0.703542,1.7741078,-0.6985851,-0.65636444,-0.604466,-0.19928698,-1.0935754,0.20581594,-1.121727,1.7146332,-0.8252652,0.59683275,-0.26547068,0.46930403,0.040254604,1.3573705,0.5292505,-0.2123465,-0.41958562,-0.21295305,0.17673053,1.1000582,-0.20417055,-0.26613516,0.101664156,-0.070957065,-0.5459569,-1.2961019,0.19158614,-0.18214412,-0.022975063
129,-0.04770182,-0.4223272,-0.5552389,-0.06202463,0.68778557,0.15866697,0.58867854,0.20881748,0.46814537,0.41806126,0.8153334,1.002604,-0.12217026,-0.36462495,-0.5971584,0.76155746,-0.048490074,-0.27760196,-0.78094023,0.14628439,0.72453564,-0.25109345,-0.36082202,-1.6034821,0.24006857,-0.2537269,0.039921112,-0.7927545,-0.011520179,-0.31479487,0.33389902,-0.27935004,0.53545547,0.021961836,-0.7425687,0.496351,0.26563674,1.0266848,0.7643213,0.11935559,-0.42063516,-0.6836239,0.22544219,0.7026119,-0.11532406,0.61348104,-0.46126395,0.21437958,0.11856419,0.007839056,-0.5021389,0.8467313,-0.78740263,0.59610057,-0.2278603,0.23849316,0.71274906,-0.9496518,-0.25100884,1.1325078,-0.4224912,-0.7291458,0.19216835,-0.19245169,0.33612183,-0.3655779,0.94823897,-0.727729,0.37426412,0.6111964,-0.3092366,-0.56480414,0.22616775,-0.2587283,-0.75042355,-0.86161894,0.0150919715,-0.072861604,-0.49764898,-0.074357376,-0.18539906,-0.7148118,0.52422047,-0.062222898,-0.038215544,0.5631585,-0.1617734,0.20017709,-0.60192204,0.25846487,1.0494465,-0.7785756,-0.22812253,1.4578738,0.12934981,0.45122725,-0.30254343,0.38164526,1.7728076,-0.9923067,-0.104406774,0.099360086,0.17871867,-0.06317777,0.31286344,-0.3444108,0.39904574,-0.687829,-0.11367015,-0.1199323,0.65650904,-0.69689494,-0.7905823,-0.57377195,0.18041268,0.3400509,-1.2437888,0.9586527,-0.1558316,-0.091355,-0.5082751,-0.2091876,0.36816433,0.070258066,-0.24845947,0.037485953,0.46004283,0.26875207
130,-0.2513177,-0.6220622,0.48168367,0.38544437,-0.52323186,0.44258618,-0.6381997,-0.4062535,0.1086182,-0.8228726,0.18081857,0.4377474,-0.85051984,-0.4490361,-0.7489231,0.7597326,0.029601224,-0.67337507,0.5956979,-0.06656892,0.3711336,0.27566415,-0.013620576,0.23358306,-0.059890058,-0.18285547,0.58836645,-0.25847512,-0.07782881,-0.9861166,-0.41955793,-0.49489442,0.65970665,0.8067269,0.18625927,0.6747197,-0.15372322,0.83869,0.22637829,-0.10763609,-0.40140915,-0.62921655,0.5933388,1.5196099,-0.06525652,0.66835433,-0.18046391,0.3861479,-0.14361668,0.4500398,0.8356566,0.1025419,0.8307324,0.5095555,0.75369,-0.3915838,0.68368363,0.39685354,0.25836596,-0.005287395,0.31175706,-0.47897863,0.71816075,-0.30138886,0.5910852,-0.9789166,-0.6388334,0.081190504,-0.16881348,0.5590642,-0.22092164,-0.7024496,-0.10480647,-0.008808371,-0.6465445,-0.28634146,-0.13496447,0.031609744,-0.45506814,0.7940596,0.6113218,-0.3124071,-1.1246252,-0.41645336,-0.31982738,0.20413257,0.5618585,0.07060274,0.13419536,0.10967749,0.029710956,-1.3251153,0.3737224,1.1407167,0.1909283,-0.62490505,0.2279926,0.9079593,0.9020468,-0.49733007,-0.38327563,-0.10580038,-0.642352,-0.16765015,-0.006420388,-0.46314338,0.093698084,-1.291117,0.114456944,-0.54950964,0.09981475,-0.007001859,-0.39065063,0.3612618,-0.5243735,0.70003057,-0.4824695,-0.56099755,0.44559008,-0.11879479,-0.28397146,-0.40242842,0.4256278,-0.7569249,0.0312805,-0.33380648,0.9958784,-0.16798623
131,-0.21397431,0.6032833,-1.0619589,0.9373127,-0.26620156,0.2709078,1.1772883,-0.59332746,1.1624811,-0.18964764,1.1404684,0.7903115,-0.65579087,1.5102485,-0.51278734,-0.01630259,-0.31299788,-0.46834216,-0.1111789,0.2593379,0.17652886,0.1696376,0.6264603,-0.14010446,-0.5618651,-0.24509074,0.26971686,-0.7412606,0.11405989,-0.14432529,-0.44516292,0.44086546,0.73632514,-0.016769288,-0.454748,0.20747693,0.65121603,0.053203616,0.5747619,-0.74519044,-0.29854754,-0.86482775,-0.060233634,0.43874106,-0.4862989,0.33476913,-0.45372352,-0.2836309,-0.3015102,0.41135183,0.27792478,-0.44811404,0.975021,-0.009693223,0.43007526,-0.32167858,0.97230095,-0.2394286,0.094534,0.9674152,0.09661099,0.21073306,0.33566383,0.42282563,0.01675144,0.24242681,0.04225673,0.77293247,0.12591591,-0.012530821,-0.70951706,0.0888124,1.0473071,0.05802876,-0.5864021,0.04341549,-0.45636144,-0.21573359,0.04796931,0.24178486,0.39917442,-0.20426875,-1.1263158,-1.1928291,-0.45967197,-0.020768149,0.15269984,-0.34619188,-0.36086205,0.95075077,-0.34128705,-0.19157901,0.9077214,0.43138415,0.5413017,0.042415515,-0.21616633,-0.15616298,0.90541977,-0.54569256,0.6127879,0.36903292,-0.47646415,-0.09243266,-0.20567839,-1.2389194,0.55263704,-1.0607363,0.4482193,-0.60095143,0.039380144,-0.5820521,-1.0883324,-0.32977366,-0.30396935,0.6325398,-0.6951218,0.2200309,-0.17565325,0.33704007,-0.86017877,0.1516596,-0.103205115,-0.49169925,0.44914943,-0.34968725,0.65827566,0.6062666
132,-0.017407151,0.17877115,0.26941442,0.012479274,0.5657368,0.18309471,0.76425487,0.21978861,-0.35961348,0.19751649,-0.78315187,1.3116082,-0.24455172,-0.24882843,-0.3569047,0.07183147,0.4563881,-0.7374824,-0.55874753,0.28156704,0.8789636,-0.90545887,0.17423883,-0.706497,-0.59067804,0.4473606,0.44654536,-0.2774277,-0.28400657,-0.35434988,-0.2232536,-0.37188384,0.14553094,0.7342884,0.0641063,0.75211084,-0.27063826,0.07571889,0.95827246,0.44075754,-0.4410687,-1.2506105,0.5839853,0.19154844,0.71131814,-0.69313926,-0.38866693,-0.93162733,1.0277575,-0.19290838,0.21153657,-0.15629473,0.1744381,-0.5446882,-0.057272095,-0.16489369,1.1263237,0.22581317,0.031355433,0.41853613,0.015572419,0.42267516,-0.053863145,-0.27948827,0.7823439,0.10790534,-0.6250375,0.067552745,0.6112597,0.49782446,0.21325175,-0.4375977,0.0062316563,-0.53038865,-0.06435747,0.40239617,-0.6726481,0.76328486,-0.058755945,1.0188029,0.7217576,-0.7725918,-0.7166932,1.175345,0.5908689,0.7487307,0.4382886,-0.5290702,-0.090195686,0.70170563,-0.96682584,-1.2398179,0.58972996,0.7938242,0.14172083,-0.29234743,-0.73776627,-0.4487431,1.6967111,-0.7552127,0.2351828,0.36235613,-0.68524367,-0.14352001,-0.21926245,-0.9032405,0.25217494,-1.1941684,-0.6850597,-0.11750323,0.5922693,0.073606946,-0.040718496,0.5355287,0.09607837,0.3439156,-0.17133635,-0.2884046,0.6365339,0.27233326,0.36168844,-0.7906213,-0.1908443,-0.08919159,0.59477115,-0.36718613,-0.71909326,0.49675646
133,0.94451094,0.28064954,-1.04794,0.03180979,0.25077906,0.66745716,-0.50450796,0.8083679,0.09283497,0.21112926,0.7883889,0.58444095,-0.8802528,0.08848362,0.27965844,1.2686206,0.2783703,-1.1182758,0.14090848,0.2893261,0.77800107,0.12270381,-0.03722101,-0.42122376,0.5281605,0.7785408,0.636211,0.6579271,-0.4867689,-0.8990883,-0.4362876,-0.5381488,0.57162607,0.2798788,-1.2209843,0.04367998,0.570477,-0.2642664,-0.1298345,0.59318393,0.08519659,-0.9633845,0.6034529,0.90008986,0.65305406,0.32160503,-0.6360039,-0.43586388,0.8554229,0.41458228,-0.34052145,0.8400797,0.9028005,-0.3890593,-0.66781366,-0.3377991,1.3047321,-0.5268592,0.03874982,0.5889185,0.31182122,0.54474604,0.3300069,0.3776472,1.0531567,-0.20645994,-0.22071624,0.17243668,0.2714981,-0.39297104,-0.5835249,0.25573343,0.16917507,0.053398676,0.18932779,0.041280355,-0.9420685,-0.61875814,-0.9080864,1.018914,-0.48962697,-1.4583328,-0.74284214,0.35489434,0.08883671,0.08425919,0.2194101,0.5081672,0.7073353,-0.43389937,-0.78518474,0.09500503,0.47935867,0.42596406,0.7326703,-0.01700239,-0.35428026,-0.26669717,0.40125492,-0.7205147,-0.25869158,-0.14058617,0.024056416,0.6914612,-0.33687004,0.08284152,-0.0411945,0.009853838,0.7919594,0.31089747,-0.03352266,0.15469635,-0.5868301,-0.24218437,-0.33323425,0.90615875,-0.43994123,0.09043011,-0.7044628,0.9139201,0.10573005,-0.5503459,-0.2515766,0.4763868,0.8757731,-0.24688055,0.61962205,0.26354402
134,0.50210994,-0.0002758091,0.31937855,0.074050464,0.7109531,0.62249166,0.70041764,1.1086205,-0.2144403,-0.32386947,0.6911627,0.41606858,-0.9074702,0.02242573,0.08351549,0.49080056,-0.18346258,-0.16986167,-0.23645404,0.8685229,-0.87564033,-0.5414559,-0.43163958,-0.8423522,-0.24323156,0.21899857,-0.38548055,-0.48617274,-0.37464324,0.0030174456,-0.1762801,-0.47008398,0.9033819,0.07132966,-1.2835023,0.8003711,0.66440725,0.9609488,-0.036317628,0.120700695,0.51387775,-0.6852572,-0.119780526,-0.25790718,0.3275923,1.1516674,0.27190447,0.20562562,0.029268267,0.15261595,0.5200005,0.16148147,0.26173022,-0.9120234,0.90873486,-0.14812574,0.3627473,0.30455157,-1.1127641,0.648153,0.6170408,0.47507742,0.16976109,0.19443902,-0.2975764,0.00065709074,0.023710523,0.50624096,0.90227294,-0.24879657,-0.4766785,0.53293073,0.44800842,-0.1866259,-0.04465718,-0.33842734,-1.3265028,0.5554919,-1.1651589,1.3202981,0.80678606,-0.47273135,-1.3241676,-0.2338735,1.1681283,0.22219074,0.8157832,0.2729645,0.20857048,0.071271345,0.14961928,0.26390502,-0.3865731,1.0654265,-0.3581781,-0.50259817,0.20090482,0.72039384,0.5799355,-0.94351554,0.1179967,0.47754815,0.5975551,-0.5397452,0.3038254,-0.26035768,-0.47018346,-0.6306406,-0.53495383,-0.6381455,0.031436764,-0.46052212,-0.12625134,0.4752115,0.014957243,-0.25573114,-0.21038137,-0.20779796,-0.63251483,0.42592403,-0.687939,-0.27174208,0.35042113,0.49245375,0.46030784,-0.06953281,-0.13589303,-0.39800155
135,-0.3426401,0.5092794,-0.5790115,-0.24703063,0.122036956,-0.060981736,0.55391765,-0.49518415,-0.67618513,-1.2277308,-0.017564684,0.8848711,-0.5891625,0.3692716,0.1236942,1.1409893,0.8865448,-0.560819,0.31861895,0.2571823,0.48047692,-0.46986043,-0.3689682,-0.981854,0.70661366,-0.38787538,0.98149204,-0.5718002,-0.70455354,-0.27353534,-0.44194397,-0.62894326,0.13109706,-0.55581564,-1.233713,-0.42168507,0.05636629,0.22249416,0.040956777,0.1262393,-0.6598059,-0.66222227,0.95062345,0.10093924,0.5231935,0.9683922,-0.2024683,0.0054994663,0.4824411,0.73278654,0.39035496,-0.052578222,-0.68870133,0.19249272,-0.014145909,-0.1031421,0.29844272,-0.019148747,-0.7186249,0.8250916,-0.8054461,0.6327813,0.27298763,0.8262723,-0.18558428,-0.35384956,-0.861951,0.46456477,0.24648476,0.675706,-0.70743906,0.5176916,0.64215416,-0.4471212,-0.3928531,-0.0017998704,-0.1672748,0.4267585,-1.0132778,-0.31516925,0.55014217,-0.10025803,-1.3153259,-0.062335156,-0.023317512,-0.2504425,0.6976101,0.561725,-0.13945217,-0.121264316,-0.14999107,-1.0424432,0.018284202,0.85735506,-0.18613622,0.06214434,0.26562658,0.4956305,0.50655,0.0023362432,0.29064244,-0.022203706,-0.47894293,0.22229818,-0.58934164,-0.7503185,-0.083278276,0.30425683,0.23117135,0.05384514,-0.118181735,-0.7794634,0.1812142,0.26919073,-0.16602832,1.282342,-0.1807234,0.77829045,0.20477505,0.10237391,-0.018638292,-0.10747447,-0.1870512,-0.43618846,-0.2487715,-0.35962486,-1.00996,0.8643458
136,-0.04223185,-0.44826403,-0.4819889,-0.3180138,0.06617353,0.025598412,1.3188415,0.37568521,-0.21016937,-0.48744208,-0.18688507,1.2283044,-1.0754457,-0.6538942,-0.47296667,-0.06869758,0.25035423,0.016641194,0.44743586,-0.61513776,0.20337759,-0.83716273,-0.7316683,0.010656063,0.6762979,0.32009396,0.55202746,-0.40078065,-0.3707462,-1.2857714,-0.92841816,0.6850897,-0.1216665,-0.82612747,0.023961725,1.2154486,-0.037196532,-1.1834645,0.38889557,-0.7812833,-0.054870512,-0.66592777,0.7864827,0.9109895,0.50222844,0.4093081,-0.9168914,-0.024360755,-0.0820409,-0.33175606,0.58636,-0.12207821,0.63063294,0.004375951,0.09395611,-0.07941439,0.47348264,-0.4664255,0.11470688,1.1748557,-0.53476304,-1.012747,0.65070957,1.1515337,0.62624115,-0.35399762,0.31646654,0.3387936,0.93004364,-0.2720778,-0.46855137,0.34787333,-0.32138473,-0.20259497,0.06127825,-0.5733291,-0.39967185,-0.62041306,-0.3107224,1.0327904,0.05345555,0.49985108,-0.64125127,0.3841485,0.22896789,0.9467802,0.36844632,-0.3996021,0.40077275,0.23775405,0.19614218,-1.7383723,0.9496443,0.5089018,-0.024429275,-0.3275305,-0.10069306,0.13525571,0.16445793,-0.70866627,0.46477765,-0.5957491,-0.37762952,-0.38172922,-0.2706081,-0.29943565,0.39239377,-0.94969034,0.24957062,0.082380936,0.68109995,-0.73370874,0.55010515,-0.1050624,-0.57263476,0.6964654,-1.1837776,0.12958448,0.09259508,0.27624246,-0.50384974,0.028355513,-0.20372559,0.14581153,-0.01586791,0.90887713,-0.28054348,-0.38775
137,0.93337077,-0.18549457,-0.40803406,0.48287886,-0.38884616,-0.1495627,1.4361899,-0.2965107,-0.6890992,0.8148753,0.040257428,0.26900297,0.4269583,0.7993972,0.045150574,0.3442102,-0.20704411,-0.017378705,-0.8665509,-0.07783412,-0.19435424,0.28890467,-0.6335909,-0.10355891,-0.9162602,0.16330001,0.43767706,0.8765249,-0.99333555,0.28802863,-0.4038999,0.47974545,1.2041748,1.2100257,-0.21811411,1.0997876,0.3331371,0.036291726,0.6765027,-0.3749023,-1.0527017,0.42818093,-0.13445377,0.8729074,0.08950135,0.20988093,0.09624944,-1.3279259,0.36713177,-0.58691436,-0.47143006,0.26021236,1.4345571,-0.29255718,0.38071254,-0.91631657,0.5413225,0.3393058,-0.36641702,0.9224046,0.98478824,0.55004704,0.2525353,0.72773564,-0.23163429,-0.5590622,-0.39388594,-0.17920548,-0.67458045,0.7405987,-0.23560268,-1.3824713,0.11025452,0.524303,0.49470475,-1.266061,-0.119530536,0.38937375,0.0903284,-0.28205264,0.25957486,-1.1930991,0.3780227,-0.14329253,0.2486409,1.0416731,-0.9124329,1.2304779,-0.10032028,-0.5419501,0.7223617,-0.13791536,0.22075206,-0.17422946,0.9216264,-0.31752926,-0.5276608,0.7081079,0.7983356,0.08993278,-0.43197864,-0.41547808,-0.43825817,-0.33652183,-0.404398,-1.0807076,0.9387215,-0.37935647,1.1805881,-0.38974863,-0.23404282,0.5643906,0.36775202,0.3457858,-0.1478795,0.42167595,-0.9509378,0.27968615,0.32805452,0.33389622,0.08071247,-0.9931072,0.36163592,0.21124955,-0.28754723,0.15360297,0.23562387,-0.2174285
138,-0.08376103,0.3439427,-0.4541585,-0.27328423,-0.7340747,-0.5054941,1.4565599,0.3486724,0.7212376,-0.14724816,0.03336311,0.45919266,-0.45529857,0.77242893,0.10180452,-0.9940964,0.26248145,-0.088711716,-1.1010696,0.63831484,-0.30275,-0.8462788,-0.88648164,-0.3681347,0.6959136,0.47422513,0.6535732,0.4234679,0.11921894,-0.51869994,-0.2885357,-0.49681598,0.15858191,-0.80472326,-0.5109426,0.61942625,-1.2478689,-0.76490384,0.20460272,0.0549308,-0.167878,-0.8369847,0.3599372,0.77582246,0.43536392,0.7190212,-1.107968,0.35080704,-0.16419457,0.2022988,0.08589209,-0.12074677,0.05721216,0.89069223,-0.88099045,-0.7269892,0.81147325,-0.028762365,-0.23117173,1.153597,-0.41578314,0.12483094,1.0321767,-0.43005225,0.138464,-0.71770966,0.19866507,0.6747356,-0.17252597,-0.5814984,-0.57595354,-0.14700754,0.80711013,0.21337973,-0.37275526,-0.69398737,0.37722138,-0.095709234,-0.7020234,1.1119634,0.054649826,-0.112555526,-0.832924,-0.59678495,0.33975706,0.2618751,0.30742416,-0.6815105,0.1544846,0.45606348,0.7526599,-0.3083896,0.086981066,1.0312583,-0.038856402,-0.597465,0.65789545,0.52142274,0.9035167,-0.13063878,-0.355125,0.5135311,-0.86133343,0.6436803,-0.8100424,-0.14391075,0.026410779,-1.2911857,-1.1258377,-0.35318547,0.8623762,0.45518917,0.02030663,-0.25878757,0.82872105,0.0056204675,0.0077540805,0.13968219,0.18123974,0.1809768,-0.6071148,-0.56756324,-0.418803,0.40523043,-0.28847435,-0.052582815,-0.65546167,1.1051669
139,1.0292425,0.5405708,-0.48283932,-0.18426143,-0.9986539,-0.1900141,1.0881791,-0.06547721,0.70822763,0.49622983,0.724627,0.9348082,-0.40219432,1.6537552,-0.06877411,0.25971577,-1.0791521,0.25620016,-0.017044967,0.41942242,-1.0612702,0.28193384,-0.27629715,-0.21173222,-0.71235657,0.9155793,-0.22618207,0.14231732,-0.85019046,0.055396296,-0.40366918,0.10732715,0.85617775,0.050268043,-0.53180254,1.0192152,0.067982815,-0.40627718,0.37140685,0.44592848,-1.1677508,0.6454733,0.21632347,0.123353004,-0.20285144,-0.121828966,-0.10905399,-0.5816295,0.017847005,-0.6450557,0.060806382,0.5370565,0.21946175,-0.6666794,-0.73907465,0.110058434,0.30970767,-0.22840714,-0.46191642,0.75071543,-0.0820554,1.1575497,-0.1316996,-0.48862398,0.105651535,-0.598219,-1.3957598,0.841965,0.333928,0.05234886,-0.61382306,-0.38436422,1.0181637,-0.2469568,0.54287475,-0.62539065,-0.2136691,-0.53221923,0.34940815,-0.44618726,0.016376497,-0.7280922,0.13980843,0.3437524,-0.12297153,0.48758233,-0.12576346,0.57890964,0.40876502,-0.27771115,0.28941146,-0.94292104,0.46751922,0.5777831,0.7342021,-0.24763441,0.65554094,-0.14384414,2.2674305,-0.48374534,-0.57328254,-0.1584726,0.42825463,-0.55308163,-0.4886367,0.12075366,1.0577476,-0.7141222,1.0346547,0.670251,-0.7876993,0.6311354,-0.008837241,0.69092983,-0.3650153,0.9074632,-0.66304916,-0.27409646,0.727651,-0.56974953,0.20991357,-0.2239565,0.8939997,0.09626515,-1.2034488,-0.36092776,0.92918015,0.022627074
140,-0.51641023,0.4838936,0.27183458,-0.10191612,0.041647226,0.24017565,0.05269842,-0.47640964,0.42501745,0.20760584,0.2428602,1.1090014,-0.8591464,0.3147968,-0.15652762,0.03290795,-0.44142225,0.63883895,0.23338947,-0.1893918,-0.7208348,-0.45268568,-0.10671217,-0.9323122,-0.18012212,-0.38300848,0.5079845,0.48160553,-0.55373895,-0.3648524,-0.6533269,-0.5379485,1.2809702,-0.9837709,-0.3848179,0.23363163,-0.31470898,-0.3062091,-0.36113054,0.30576673,-0.28761432,-0.5739892,0.5010054,0.5828179,0.05716,0.769075,-0.45371172,-0.066231,0.4889619,-0.22765195,1.029862,1.1884062,-0.6303755,0.104499795,-0.19823454,-0.081190534,0.87078786,-0.058909424,-0.6386462,0.73679256,0.62740356,0.5062858,0.38193098,-0.18950002,0.9136452,-1.2099329,-0.8439186,-0.656854,0.14797604,0.68561196,-0.7002358,0.4497454,0.24775997,-1.059501,-0.42838416,-0.49200526,-0.8215182,0.07582162,-0.006518639,0.5982718,-0.30074456,-0.0034766658,-0.8515198,0.0074471934,-0.003954693,0.6907412,0.008102261,0.46941265,0.15202789,0.13850965,-0.48435375,0.05466905,0.2518669,0.7411158,-0.7450405,0.25741336,0.67952406,-0.18617223,1.4400085,-0.8588122,0.28139395,-0.72445524,-0.1470059,-0.1295144,0.11998983,0.3492722,0.13091388,0.36515567,0.9029212,-0.58087206,0.66886586,-0.12979934,-0.47378683,0.27115247,0.7165303,1.2002357,-0.30648893,-0.75934726,-0.8984666,0.4411277,-0.6656113,0.18387197,-0.24504077,-0.2432443,-0.026746769,-0.44634765,-0.031115582,0.4819018
141,0.7097097,0.8518149,-0.4429856,-0.246805,0.64481324,0.5230424,-0.1300865,-0.51902413,0.74869245,-0.6555647,0.37183177,0.071206994,-0.8877568,0.5551182,-0.037416264,-0.19321667,-0.65542185,-0.08622212,-0.40297878,0.040602505,-0.07420371,-0.11978081,0.034072705,-0.84724873,-0.10797856,-0.18562926,-0.3633229,-0.36802658,0.07977272,-0.3767608,-0.26493838,-0.17226332,-0.08264229,-0.32904935,-0.60193205,0.87604386,-0.6167544,-0.06123608,0.3792013,0.3049776,-1.1123658,-0.8086528,0.7181378,-0.20702168,0.4696164,-0.3205776,-0.44340715,-0.8689192,0.29109502,0.5915603,0.39734316,0.51205206,0.39773965,-0.8037458,0.3224829,-0.69289297,0.44922101,0.30488366,0.31783375,0.10570885,-0.42441678,-0.33222765,-0.6106986,0.05135172,0.5412916,-0.9053781,0.022754168,0.375331,1.0236113,-0.06759252,-0.5017702,0.2783808,0.70425785,0.28962418,-0.16199206,-0.10281313,-0.11578705,-0.27575445,-0.80339324,0.29068553,1.0145098,-0.8330812,-0.76214343,0.2872499,-0.22995925,0.2389624,0.66428196,-0.04861393,0.22536361,-0.59398335,0.5460057,-0.645416,0.2306924,0.705512,-0.5301907,0.48885298,0.44859338,-0.3006916,1.5504647,0.15653901,-0.9163095,-0.24338786,0.07546458,0.07969866,-0.28843224,-0.62805897,0.5461135,-0.7333066,0.056022964,-0.47719297,-0.2778614,0.11789883,0.41459963,-0.12654577,-0.29177564,0.71666163,0.029059645,-0.6834499,-0.46352234,0.3314703,-0.8945538,-0.08718568,0.7040285,-0.9059033,-0.16375014,-0.047210664,0.09575649,0.6004849
142,-0.042710524,0.07400221,-0.35857338,-0.024476353,0.7825124,-0.054253604,0.42298907,-0.2761185,1.015788,-0.76056767,0.6502497,0.4781903,-1.3479081,0.4365026,0.6723867,0.26560184,-0.39263856,-0.57259613,-0.9419166,0.8295925,0.327314,0.26887596,-0.40988842,-0.21027324,0.5895125,0.09956816,1.2427615,-0.3502214,0.5110977,-0.5804506,-0.39173192,0.639543,0.9007167,0.2823732,-1.0886434,-0.17809251,-0.13100824,-0.62484694,0.0273198,0.022376237,-0.065991744,-0.8700517,0.32147262,1.3985356,0.321004,0.39926785,-0.81820565,-1.4702446,0.1107102,-0.062899135,0.3251718,-0.33690763,-0.46577626,0.50514984,0.07790208,0.5544881,0.38123578,-0.022999698,-0.09052116,-0.10301962,-0.8559062,0.63849556,0.7646811,0.18595639,0.013882276,0.10390498,-0.6789745,0.29490077,0.8171037,-0.18996425,0.717301,-1.1864889,0.64221466,0.14995472,-0.1344384,-0.7357263,-0.5648687,0.9343208,-1.1330045,0.5655162,0.47032315,-0.5580815,-0.35807404,-0.25679547,-0.100041,-0.13786852,-0.3673147,-0.5508923,0.006018578,0.3733792,0.12333226,-1.0054616,0.15341094,1.4209738,0.04213277,-0.24137072,-0.13135666,0.11619895,0.46791527,-0.8924123,0.57889956,-0.30948114,0.33871087,0.027085735,-0.38866177,-0.9383329,-0.3514349,-0.28294602,0.1547766,-0.62212133,-0.20645541,-0.02081121,-0.2519838,-0.38053972,0.062297758,0.38113946,-1.1506187,-0.32161483,0.08190472,0.6783749,0.10408689,-0.016211897,0.30940694,-0.28623372,0.0641214,-0.4166422,0.31806228,0.5562611
143,0.21914338,-0.96414304,0.0121804755,0.96790063,-0.7620167,-1.1888577,1.2449471,-0.28011388,-0.6140287,0.50811046,-0.49392548,0.06818537,-0.08115692,0.6556334,-0.31800777,0.8277666,-0.20459224,-0.563867,-0.13380514,0.55717516,0.4794896,-0.36568573,0.03465374,-0.20092803,0.43499303,-0.22339062,-0.23354861,0.5181741,-0.66413224,-1.1992959,-1.1099762,-0.40614402,0.24621648,0.05307171,-0.18610242,1.4038417,-0.5192225,-0.08738474,0.52966124,-0.09995081,-1.0929128,0.56511307,-0.48902145,0.4937547,0.22474983,-0.008919838,0.68139327,-0.95597947,0.27398863,-0.9343948,0.45790312,1.0459915,0.41244563,-0.73794436,0.6598142,0.19959825,0.5597209,-0.62504715,0.046442352,0.1950637,0.029961409,0.93897617,1.8125817,0.18419056,-0.37491485,-0.720324,-0.6538634,0.59376615,0.030588647,1.1225836,-1.0737132,-0.5593895,0.77755225,0.9399224,0.51992553,-0.031328153,0.1547397,1.2347169,0.42909425,0.6563746,0.039087743,-0.27964237,0.04798948,-0.206969,-0.4723359,0.56470495,-0.81294197,1.3626631,0.34246388,-0.22791435,-0.14121383,-1.1828896,-0.64936364,0.43317184,0.5832216,-0.7945744,0.0011473615,-0.22024344,0.8990984,-0.34367234,0.526913,0.19952784,-0.015906623,-0.37884456,0.6526398,0.2432936,0.6389522,-0.41281533,0.42788064,0.8713879,-1.1881121,0.020197678,0.64433545,-0.25757694,-0.7248294,0.34093758,-0.47688973,0.94440347,-0.039602574,-0.114336595,-0.16821097,0.27301455,0.5692161,-0.3165833,0.17631806,-0.2915944,-0.45467323,0.18746011
144,0.8216309,-0.3970183,-0.9463356,0.45699108,-0.63043267,0.431925,1.001202,-0.43481517,0.72412896,0.66898173,0.2048516,-0.083124705,0.8981108,1.4822661,-0.7697531,1.3208237,-0.20455009,0.12006185,-0.2601,-0.74970317,-0.39175278,-0.8011143,-0.74370676,0.14404097,0.20947772,0.28190264,0.85654926,0.5453287,-0.20981339,-0.5991263,0.08666136,-0.30401063,0.902708,0.5098707,-1.2959689,1.1762686,-0.22704355,0.17730701,0.015637426,-0.23356651,-0.8414594,0.13855197,-0.15828843,0.42874077,-0.20135377,-0.54273003,-0.09534605,-0.3971019,-0.46975332,0.39981562,0.007417393,1.1195605,0.8392989,-0.26361468,-0.034563564,-1.1557931,0.65080494,-0.9392601,-0.9752787,-0.14114422,-0.8278137,0.6419966,0.00036101005,1.2830969,0.8681702,-0.8920649,0.045750257,0.7411773,-0.28546154,0.5070421,-0.98975307,-0.2948414,0.11002425,0.29118994,0.49787536,-0.62260914,0.062217563,0.32618293,0.7217863,0.12767915,0.14567435,-0.18763347,0.41318873,0.25469398,-0.64994663,0.73742366,-0.070885636,0.13274685,0.08768852,-0.54406637,0.6839675,0.12650684,0.13807824,0.4193718,0.28272027,-0.41954967,-0.6182053,-0.032542855,1.4040493,-0.9556065,-0.14223255,0.36852476,-0.6219294,0.39500898,0.46358857,0.17893796,0.1344612,-0.31911403,0.77860373,0.28202888,0.13266867,0.13622095,0.94880563,0.7924307,-0.9549669,-0.5420371,-0.06329538,-0.21828319,-0.38002583,-0.1702473,0.67539924,0.06501469,-0.07822162,0.9279897,-0.41125217,0.0009807558,-0.08939524,-0.23418346
145,-0.13551274,0.24128988,-0.002181254,-0.26458216,0.5131527,-0.25513887,0.1528556,0.25911364,-0.86143523,-0.50884366,0.020348648,0.45923242,-0.07549879,-0.5817201,0.11198571,0.5288084,-0.30490986,-0.69446963,-0.46310914,-0.021281177,-0.05308263,-0.23962808,0.38210392,-0.7756972,0.06695116,-0.49955556,-0.29121006,-0.32623807,0.46992853,0.1144058,-0.08557927,-0.33726597,0.16068852,-0.1668112,-0.61189413,0.5198541,-0.9171054,-0.3210597,1.0442293,-0.19462594,-0.5658188,-1.0650502,0.7479865,0.3670206,0.18766244,-0.063715495,-1.1004282,-0.22550932,0.3199578,0.13891889,-0.4699506,0.7502734,-0.0954206,0.47390833,0.8289907,-0.5104073,-0.6067374,-0.06472725,-0.87053734,0.2089956,-0.9571551,0.42659748,1.1702095,-0.23162825,0.25677183,-0.2546395,-0.17755847,0.5697847,-0.24601793,-0.29968566,-0.7241,-0.3913156,0.507562,-0.5513633,0.5106394,-0.43847522,0.14823769,0.9447653,-0.4082226,0.87795967,0.72048056,-1.1823984,-0.7878667,-0.11458779,-0.016874667,0.39786014,0.37839568,-0.47630182,0.43736854,-0.18411055,0.21088514,-0.9240321,0.38070756,0.38170785,0.24669255,-0.16666174,0.7091644,1.1209642,0.84553254,-0.07581541,0.6029232,0.15517947,-0.6881792,0.26582438,0.5248346,0.0056217527,0.29079607,0.39070052,0.89588517,-0.5741263,0.5557841,-0.24877687,-1.0720694,0.9293073,-0.20595478,0.444348,-0.66714,0.048931308,-0.70142967,-0.10727349,-0.86534506,-0.2151158,0.08408208,0.002812405,0.09858257,-0.031126924,-0.44413188,0.10522932
146,0.8985478,0.6115616,-0.8179429,0.8517924,-0.038223006,0.26840973,0.46585134,0.55107415,-0.63423455,0.536521,-0.41201603,0.7231141,-0.46514398,1.245372,-0.3161834,0.013014326,-0.74209684,-0.93288946,-0.16080213,0.5681982,-0.16536862,-0.075342976,0.2892681,0.87227106,-0.24062158,0.11204865,0.18811524,0.564724,-0.22473414,-1.2750837,-1.119607,0.452909,1.1906967,0.8876217,0.16278903,1.2661415,-0.12825285,0.20331678,0.828942,0.46659207,-0.009648751,0.7888888,-0.17783095,0.50649583,-0.020180846,0.36884475,-0.07031086,-0.31768125,0.8589872,0.2697842,-0.031608563,0.10588522,-0.027279925,-0.7285297,0.1102041,0.15357827,-0.2561083,0.31717768,-0.5982252,0.584565,0.3423528,0.5818123,-0.5591167,0.1847771,-0.09332291,-1.0632701,-0.116305284,1.3236849,-0.147735,0.14918411,-0.7300692,-0.6549667,0.23602402,0.4666817,0.29611143,-0.20460409,-0.45740715,0.08833773,0.6239439,0.058929097,0.4517693,-0.45606148,-0.26785046,-0.18944176,0.25675812,0.991162,-0.48660716,0.68743986,-0.19741859,-1.1195475,0.3718053,0.15184838,0.44362637,0.99576795,0.1256784,-0.81267685,0.6079949,-1.2690226,1.4764482,-0.5169552,-0.5280639,0.112155676,0.14455271,-0.7355004,0.05317762,-0.8199729,0.43254998,-0.52958935,0.05079552,0.49853206,0.37269798,0.037208103,0.22695294,0.633215,-0.13747583,-0.41533038,-1.2608813,0.55083185,0.74361616,-0.098984,0.30373365,-0.17495893,0.09072634,0.78338635,-0.8176719,-0.4301576,-0.6151326,-1.1967964
147,0.53637105,0.030564452,0.39761522,0.27329352,-0.19547273,-0.6506581,0.06540384,-0.4085099,-0.2991052,0.93282527,-0.086491175,0.11667451,-0.49785236,0.96538687,-1.2150455,-0.62495196,0.06457161,-0.38641435,0.32155746,-0.6923509,-0.07615879,-1.1356795,-0.044458102,0.04589908,0.024780924,-0.05035866,0.80433595,0.96891,-0.89419675,-0.13576365,0.13762145,-0.06055198,0.4284026,0.060230024,-1.4856367,2.2162375,-0.48041695,0.4587666,-0.30443645,0.28511557,-0.90743476,0.01441715,0.363113,-0.52367157,0.33985615,-0.08999519,0.22122927,-0.93094057,-0.4386762,-0.30712423,0.60476154,0.6693208,0.3641747,-0.5709079,-0.40885094,-0.5518146,0.8185092,-0.93385375,0.32047334,0.10633221,0.7307786,-0.22701265,0.7964219,0.34552556,0.49810052,-0.51108795,-0.5258299,0.29631323,0.36223266,-0.11232955,-1.651839,-0.48527217,0.7518886,0.14211233,-0.0006505023,-0.34788716,0.06045664,0.03167531,0.9180325,-0.6680626,0.13453439,-1.4519054,-0.696539,-0.76401687,-0.5389372,0.32535172,-0.69377816,1.2280699,-0.56449866,-0.5572845,0.4702614,-0.37628785,0.011519828,0.79088265,0.65161735,-0.27332425,-0.087462366,-0.22506747,1.4772496,-0.35321987,-0.4514353,-0.22142048,0.1765909,-0.73251796,-0.18149069,-0.5766471,0.77821547,0.14199951,0.23315394,-0.5260189,-0.7993279,0.16598299,0.47266743,0.488569,-0.33051014,-0.39348623,-0.067109026,-0.023071226,0.32595924,0.16277444,-0.060748197,-0.34738848,0.56674755,-0.35471654,0.4630278,0.8729801,-0.1992368,0.37257844
148,-0.32902193,0.3275479,-0.83106625,0.14669813,0.048894443,0.30122086,0.5547383,-0.31756487,-0.07139882,-0.8618428,0.064356916,0.4997552,-0.9775337,0.7573629,-0.015821258,0.8410184,0.4090297,0.23540959,-0.72138923,-0.27875698,0.13721094,0.6895939,-0.029360859,-0.9449457,-0.44010353,0.10122426,-0.14709172,-0.35939014,-0.16049734,-0.24244367,-0.5773549,0.6480306,0.6204858,-0.16452192,-0.08835736,0.7785409,-0.6319196,0.50649905,1.5401739,-0.24660894,-0.73479825,-1.0082531,-0.227363,0.20985124,0.2286317,0.5240478,0.021716282,-0.4222842,0.69057727,-0.12608625,0.22094695,0.0066375467,0.3803973,0.3855933,-0.8827114,0.61897445,0.12797475,-0.70877266,-1.0218475,0.13734514,0.15865728,-0.20023035,0.86441225,-0.45516586,-0.11964324,-0.61130965,-0.1538517,-0.19790605,-0.33214474,-0.7532921,0.25838417,-0.107887425,0.12323624,-0.26013145,-0.2946712,0.42366576,-0.5451746,-0.05526061,-0.72705394,0.7895311,-0.49447668,-0.8124363,-1.3294207,-0.36301848,0.6424305,0.53615487,0.5147218,-0.101697944,0.24556383,0.547745,-0.40682912,-0.4305417,0.65946484,1.1127889,-0.11918087,-0.3915228,-0.5165002,0.37436378,0.32860637,-0.87867373,-0.6806868,-0.3150739,-0.4402496,0.17849666,-0.43219766,-0.7312133,-0.06037186,-0.8947353,0.4388729,-0.113737635,0.35517994,-0.27024367,0.5760547,-0.28547767,-0.13949619,0.06798814,-0.37746942,0.24954635,-0.3591443,-0.5448855,-1.0915865,0.44373018,-0.60301626,-0.46945903,0.3422217,0.27563515,0.27890128,0.7621937
149,1.1958177,-1.0472356,-0.38890263,0.33636823,-0.065267265,-0.58468527,1.2207491,-0.6151872,-0.4791222,0.8957043,0.17477281,0.55373406,-0.023924243,-0.27742064,-0.7054642,0.028460748,-0.17152114,-0.18302222,0.71709186,0.34115782,-0.3910752,-0.60099846,-0.019305613,0.08096734,-0.26852608,-0.5189414,1.0236288,0.42470586,-0.7117158,0.060884323,-0.43602732,0.5491752,0.6385678,0.6110343,-0.13006587,0.56292754,-0.7991268,-1.0348502,0.654237,-0.16248369,-1.3773259,0.48660594,0.60779303,-0.07597069,0.54564786,0.5949753,0.07716981,-1.3868191,-0.62317264,0.42893022,0.07171009,0.2304614,0.37173617,-0.38178983,0.19461605,-0.74603397,-0.055516366,-0.19456583,-1.3114392,0.2422574,0.31990635,0.8149994,-0.36908862,0.06262303,-0.38981962,0.45919958,-0.07778185,0.2784444,0.6248772,0.15924151,-1.1582131,-0.7901027,0.522804,0.189193,0.90382993,-0.5039785,0.5588934,1.0177561,0.7020544,0.4450657,0.053933255,-0.854998,0.1231661,0.050481442,-0.8664022,1.2419697,-0.091363385,1.1234297,0.8610511,0.2825647,-0.06525424,0.0998336,0.40522197,1.0204993,0.093130566,0.1934916,0.49820426,0.507553,1.2964699,-0.59275293,0.9027934,-0.32141915,0.44377735,0.15104395,0.44903567,-0.7625213,0.24902686,-0.7146512,0.091742925,0.4865912,0.64192134,0.416714,1.2300295,-0.6921756,0.3912701,0.41838208,-0.7234465,0.4663189,0.8993411,-1.2058893,0.5406427,-0.3548978,0.11180638,-0.09882149,-0.3172548,0.38249302,0.23760125,0.3271901
150,0.64899063,-0.2912438,-0.66304183,0.48884335,0.19092688,-0.14176722,0.58459294,-0.16218959,-0.05293589,-0.31772172,0.5122122,0.57230353,-0.34384927,0.7422523,0.31633684,0.6828797,-0.29255602,0.13404152,-0.17641385,0.7419328,0.883274,-0.72392815,-0.38706002,-1.3060919,1.0310665,0.30385348,-0.5708772,-0.94693875,-0.26186568,-1.3837832,-0.8044476,-0.04943701,-0.034521997,-0.17351265,-0.20463356,1.0695398,-0.3286247,-0.9237767,1.0942415,-1.6377143,-0.4259016,-0.15950274,-0.5457622,0.6543987,-0.3111727,0.48782092,-0.06636746,-0.38144225,1.1000729,-0.15154703,1.3980752,0.30654547,-0.19896533,-0.25965706,-0.4834829,0.12542427,0.8200239,-0.9265155,-0.17262322,1.4023625,-0.39773297,0.45887318,0.99844944,0.3202065,0.78817046,-0.15098974,0.36236542,-0.31633142,1.1743983,0.32932925,0.546171,0.5467067,-0.5132954,0.5990087,-0.33450162,-0.28257808,-0.48316598,0.6047346,-0.43997753,1.005885,0.19612947,-0.32267812,-0.7257241,0.1201657,-0.22754544,0.14454502,0.2659145,0.34777156,-0.030308548,0.3107309,0.22077034,-0.81876963,0.032941602,0.36046684,0.28764272,-0.092912756,0.037454832,-0.8214858,0.53778523,0.2026201,0.6820367,-0.67781025,-0.6372191,-0.17950882,0.23891588,0.16485697,-0.56065285,-0.016759787,-0.44103187,0.17600822,0.2554377,-0.3321799,0.5654414,0.07030608,-0.90115553,0.8470257,-0.6184991,-0.37428838,-0.921864,0.39790106,-0.8184578,-0.38288975,0.0016572196,0.6710675,-0.522584,0.01712201,0.023541525,-0.17972547
151,0.117381126,0.39136398,-0.2910089,0.27831492,-0.36776963,-0.5781099,0.28521207,-0.19603558,-0.8914099,0.86704504,-0.40357095,0.58066726,-0.16509604,0.42179772,-0.37386778,0.9682218,-0.58659995,-1.0684433,-0.40949684,-0.020087482,-0.60220826,-0.1965973,-0.73121357,0.112818964,-0.21623491,-0.25856638,0.65941775,0.11836414,-0.1885613,-0.8157766,-0.1711114,0.5683537,0.69919914,0.03258351,-0.21994789,1.4941593,-1.1262139,-0.22236931,-0.20894833,-0.5428809,-0.28631136,-0.40356416,0.65918666,0.07938823,0.8542974,-0.2929726,-0.80315214,-0.04934809,-0.35851696,-0.08150392,0.4307217,0.9784468,1.4337226,-0.11345139,-0.29207972,-0.9599947,0.564427,0.15496713,-1.3483864,1.0279849,0.09096863,0.43439886,0.14918654,0.9440037,-0.53037655,-0.31174812,0.29316583,0.33414796,0.4485358,0.63155514,-0.9339856,-0.11637,0.30822253,0.28989688,0.26062903,-0.6754942,-0.12251048,0.5485905,-0.15470217,-0.10227915,0.0933241,-0.37304854,0.030936988,-1.0747774,0.2853913,0.73729616,-0.42136568,0.9815974,-0.4625336,-0.4631882,1.0101358,-0.46531156,0.04814934,-0.39710617,0.71264476,0.6664605,-0.425291,0.08590787,1.2729659,0.03836807,0.5589891,-0.20536987,0.65404683,-0.92568874,0.33181646,0.3495232,0.07496199,0.22894412,0.13050811,1.0742815,-0.08043683,-0.4696049,1.1441422,0.6324686,0.10132906,-0.47318238,-0.35337642,0.11778589,0.62209564,-0.80809706,0.44732052,0.026122209,0.3482911,0.4724631,-0.9741273,0.34279513,0.59998125,-0.11152118
152,0.5176488,0.25194857,-0.6209127,-0.115160614,-0.6536226,-0.07824278,-0.4598261,-0.542879,-0.11103537,-0.5925623,-0.2307853,0.9024979,-0.5696788,0.6277533,0.47406527,0.075136915,-0.40812624,-0.54181796,-0.0065312022,0.3405644,0.23864233,0.26449174,-0.38575625,-0.23542674,0.28787294,-0.16675097,1.2954313,-1.4978981,0.28972378,-0.04331937,-0.69137377,-0.56006753,0.14014208,0.056905508,-0.87123626,0.70925343,0.09493576,-0.24111392,0.37884203,-0.05582018,0.22835055,-0.8949545,-0.083877586,0.20660116,0.18121445,0.8435368,-0.5523839,0.6118699,-0.26410475,0.65561783,-0.2961194,-0.64730805,0.60769016,-0.5150392,-0.06001389,0.23914018,1.4893166,-0.0065342383,-0.41398305,0.3928927,-0.7428602,0.5144638,0.24205448,-0.61954236,0.94872063,0.09959242,1.005085,-0.6746237,1.2067022,-0.16213171,-0.17138818,-0.3578183,0.8230779,0.23152007,-0.9682643,-0.44729733,-0.030834343,-0.2164609,-0.08319688,1.2898974,0.81045306,-1.0422871,-1.521029,0.24346656,0.09720268,-0.083459504,0.5153451,0.30182284,0.24548674,0.46479174,0.058945637,-0.8577845,0.57164806,1.1891702,0.059956554,0.639785,0.5653713,-0.111821525,0.14489666,-1.3410861,0.5216651,-0.50475925,-1.6259531,-0.007967263,0.2800052,0.6879022,-0.042379767,-0.21394077,0.010294856,-1.0276452,0.27510914,-0.15984325,0.06341885,0.3806043,-0.91479784,0.53763473,-0.31993747,-0.74127173,-0.19161642,-0.341863,-0.013991959,0.34860834,-0.56038266,0.34351555,-0.032497358,-0.2409049,-0.60335934,0.63152754
153,0.5948015,0.18535194,-1.143787,0.651034,0.15468583,-0.5823519,-0.4871046,0.02929022,1.008214,-0.83376557,-0.21539263,1.1837175,-0.3928661,-0.59291244,-0.15679668,-0.2663202,0.0730073,-1.3775725,0.16489877,0.17635454,0.30781373,-0.4609307,0.30093363,-0.66491824,0.3417526,0.6409232,-0.026404133,-0.8264372,0.60110915,-0.35075158,-0.6835829,-0.7139573,1.5941724,-0.63978404,-0.8765118,-0.19714236,-1.0038488,0.68116945,-0.51690024,-0.7369956,-0.24143066,-1.3223163,0.37731126,1.2436152,0.33014917,-0.13971888,-1.4280171,-0.16443159,0.23290335,-0.67123014,0.50847495,0.83397925,0.048072267,0.51265436,0.6970554,-0.29976508,0.6477527,-0.07705029,-0.65323055,0.5100472,-1.1070896,0.7845434,0.45015565,0.31938148,-0.20453139,-1.1046083,0.3316301,-0.41037768,0.9835015,0.40781876,-0.3297041,-0.48851752,-0.21997054,-0.24224861,0.2519623,0.020254286,-0.38930306,-0.02129488,-0.61288506,0.5364715,0.5867239,0.033752065,-1.0158752,-0.8855515,0.38526106,0.40175912,-0.16005583,-0.41676322,0.011691708,0.25430623,-0.7620136,-1.1479748,0.14493273,0.26491943,0.48648253,0.121619485,0.09517317,0.06524045,1.1954682,-0.5581688,0.45199847,0.10954027,-0.041792333,-0.6008633,-0.31025127,-0.2158934,0.5394673,-0.3660379,-0.6808143,0.9587626,-0.09462485,0.80589586,0.4935619,-0.52865946,0.10884001,-0.08610449,0.54324114,0.5994259,-0.32721296,-0.5734258,-0.05250517,0.42047435,-0.436035,0.33112666,-0.47894233,0.59071785,0.13608074,0.3769307
154,0.09990956,-0.4137315,-1.1650112,-0.2101597,0.51103985,-0.3510959,0.3471744,-0.27003753,-0.42307213,-0.4574316,0.8411612,0.64511764,-0.7376718,-0.61956686,0.6638687,0.7908524,-0.117811196,0.2169328,-0.94815177,-0.19825543,0.24405292,0.21102305,-0.18039303,-0.3883364,0.23073386,0.032644853,1.0066061,-0.13801451,0.022210047,-0.2569265,-0.6493217,-0.44717407,1.1997325,0.12840597,-0.38733238,0.34084514,-0.60767305,0.07644263,0.9888237,0.12028701,-0.9101177,-0.9112307,0.28176644,-0.21497664,-0.1701317,0.7219062,-0.51222426,0.30352518,0.9409956,-0.5650685,0.119063064,0.30972996,0.39738685,-0.43126735,0.07621589,-0.037948355,0.54174405,-0.6032967,-0.15873188,-0.6278382,-0.27258238,-0.037767597,-0.24460736,0.21969463,-0.45837498,-0.124431856,-0.06049417,1.5348214,0.27830365,-0.37047628,-0.07893175,0.005745206,-0.24228562,0.6124219,0.51132625,0.016716177,-0.8094059,0.32381383,-0.7791901,-0.18764803,-0.034557804,-0.28198,-1.223668,-0.020593673,-0.6918753,0.6717235,0.7832229,0.02256618,-0.49404347,-0.38499898,0.05557439,-0.5241588,-0.4424718,0.48899403,-0.73937815,-0.34680074,0.42743298,-0.053737573,1.3945892,-0.8511688,0.053963397,-0.27361286,-0.5755485,-0.3546084,0.3576783,-0.39963195,0.23881742,-0.6352012,-0.53248316,-0.46221825,0.7782122,0.33494493,-0.9892818,0.27388495,0.11156821,-0.0314888,-0.69165593,-0.36121127,-0.043742217,0.711356,0.5015864,0.8102913,-0.31893048,-0.9735936,-0.09265654,-0.43339285,0.44760057,-0.33168012
155,-0.5079901,0.0056599434,-1.0169005,-0.091907784,0.24366762,0.5899556,0.27432132,-0.56638044,0.36153373,-0.3203936,0.40724564,0.058090504,-0.5752219,-0.6321766,-0.102021925,-0.41359955,-0.6658021,-0.0020741222,-0.5288737,0.27027574,0.23674895,0.47841725,0.07582372,-0.5482147,0.7633933,0.4648989,0.7718157,-0.2369715,0.1255202,0.16164792,-0.9654547,-0.24841265,0.46083993,0.18369058,-0.72688663,1.3458039,0.34304243,-0.22007981,0.12929119,-0.7902073,-0.008698499,0.030016938,0.8532238,0.21110559,-0.26184464,-0.37394315,-0.3479061,-1.0869325,0.9695926,0.5213273,0.67223907,-0.294942,0.8395314,0.92752457,0.03690069,-0.20449494,0.56968427,0.16677116,-0.4748567,1.0929115,-0.48752868,0.6482202,0.1860684,0.3276534,-0.11007752,-0.22110619,-0.67929703,-0.09959059,0.67358786,-0.5557741,-0.6654581,-0.10099717,-0.259096,-0.6546459,-0.82696295,-0.29137486,-0.31454107,-0.09257391,-0.12497799,0.17148033,0.16200055,-0.22113052,-1.7853248,-0.09216661,-0.106142804,-0.6815381,-0.033246845,0.26399335,0.46109003,-0.032273497,-0.015408836,-1.0946583,0.06599919,0.85097194,0.08742333,-0.13486376,-0.07875638,-0.045513038,0.9802304,-0.6202503,-0.7948587,0.24297613,-0.29622945,0.04869969,0.61325896,-0.8771452,0.30968457,0.47130823,-0.74648505,-0.46957678,0.5185497,-0.1369226,0.01710171,1.3389819,-0.49929094,1.1925157,0.0028047485,0.23222551,-0.39080584,0.28452754,0.07088926,0.42818782,0.2594751,-0.18582451,-0.2686353,-0.39765355,-0.49134955,0.5251964
156,0.13636166,-0.27472806,-1.2896701,0.7682017,-0.28580648,0.66912615,0.5142886,0.5683119,0.5632105,-1.2814896,1.1019531,0.7530191,0.1938361,-0.48470184,-0.37753284,-0.42346114,-0.56915575,-0.7091546,-0.652331,0.36296198,0.23527522,-0.6072424,0.25972575,-0.13867673,0.5845877,-0.3075328,0.6294082,0.85194725,-0.27585062,-0.6098228,-0.6687428,-0.31230968,0.503671,0.8475267,-0.19673331,0.2609572,-0.016847195,-0.11711552,-0.024933066,0.17115796,0.258192,0.0258061,-0.50360674,0.120017715,1.0799416,0.016246991,-1.6471812,0.21636465,0.1612509,0.57569087,0.8933609,0.70955056,-0.27636263,-0.76023185,-0.38408306,0.36871952,0.03241119,0.45050132,-1.0313327,1.2097538,-0.31447005,-0.25184432,0.23928352,0.86630654,0.49208683,-0.018349333,0.6034952,0.46572432,0.6179771,-0.30446944,-1.122171,-0.6269795,0.9251942,-0.03353279,0.4328547,0.20891848,-0.34004673,-0.35790625,-0.47868425,0.26348242,0.72140175,0.001043443,-0.6926388,0.638434,0.12580669,0.92042845,0.002035549,0.6202959,0.69907606,0.48353702,-0.020604083,-1.422334,0.592648,1.0305659,0.103884265,0.1970782,0.20785047,-0.06674438,0.878298,-0.095571525,1.1713026,-0.007231617,-0.018134477,0.056585412,0.07523111,-0.9598237,0.30944,-0.5274209,-0.30410478,-0.09349687,0.45943126,-0.23788798,0.55629545,-0.40585625,-0.6602217,0.16121225,-0.41372728,0.3956329,-0.10693588,-0.019937184,-1.1936423,0.08462627,-1.1991675,-0.14383638,0.41809857,-0.5656089,-0.12775561,-0.7738589
157,-0.036065597,0.10664674,-1.0241089,-0.33745876,0.6869229,-0.96233255,0.668095,0.3006066,0.033261254,0.39044377,0.18484943,0.8132739,-1.0184258,0.119560175,0.049735133,0.51486605,0.82542235,-0.24786592,-0.3600872,0.38259652,0.22414061,-0.287985,0.69824326,-0.47194254,-0.795219,0.3986935,0.6747841,0.68773973,0.21492483,-0.28681332,-0.38044465,-0.3526302,0.84353036,-0.47795212,-0.02935914,1.0528426,0.49281842,-0.6291033,-0.1446449,-0.41760778,0.2289431,-0.20856391,-0.23487623,0.957254,0.17331551,0.9566346,-1.160633,-1.2621601,-0.72877717,0.14171615,1.1783472,-0.23109353,0.68798244,-0.8261943,-0.22015618,-0.78728706,0.8253224,0.17121196,-1.0358783,0.7871657,0.055063225,0.40234384,-0.2590411,-0.44442424,0.27177343,-0.9117701,-0.5326569,0.28316468,0.49464512,-0.96957207,0.3241206,-0.8019749,-0.46885931,-0.5386008,-0.69548374,-0.08897564,0.100231096,0.76464695,-1.1225783,-0.26658654,0.01735889,-0.31927443,-0.67521495,0.43959263,-0.548649,-0.17938142,0.39133942,-0.38272226,0.64002794,0.6612051,0.3500233,-0.65677714,-0.79203737,0.30025658,0.41353142,0.39171574,-0.18302986,0.7699649,1.3477858,-0.33752155,0.68591344,-0.5073913,-1.4499915,-0.03939981,0.1395238,-0.014556557,0.22215953,-0.7301621,0.35538593,-0.08411445,0.68585294,-0.12349191,0.33749077,0.073365785,-0.39251822,0.36729786,0.5917841,-0.47505015,0.37906396,0.08348883,-0.42823043,-0.7540365,0.8686723,-0.84457517,-0.15038252,0.16393122,-0.54899144,0.15131313
158,0.4780944,0.9036434,-0.5472603,-0.42437103,0.20404935,-0.9514725,0.7913319,-0.009337249,-0.9807379,0.46096787,-0.5079135,0.26293704,-0.37508774,0.8137095,-0.2834604,0.461946,-0.12870327,-0.9568932,-0.6489422,1.1504492,-1.1720529,-0.24951182,0.59399205,0.24176174,-0.72396505,0.23893957,0.56172645,0.6772324,-0.22576512,0.0046466757,-0.47218153,0.13337131,0.33898133,0.14157721,-0.36046967,1.3434741,-0.53929514,0.0444523,0.31467244,0.8760136,-0.23253122,0.14900883,-0.013018255,0.38675252,0.33755285,0.30354902,-0.08751496,-0.9447853,-0.5850025,-0.110632636,0.40029952,0.84005624,-0.3527554,-1.4153991,0.86195844,-0.8933766,-0.13961606,0.24092783,-0.6367963,0.7301252,0.09369199,0.20720433,-0.18050277,0.20708203,-0.56663895,-1.4199754,0.9888634,0.60300845,0.25680962,-0.034388475,-0.5037279,0.18795791,0.43837658,-0.1872176,0.59276,0.10463593,-0.3505864,1.267739,-0.21677908,-0.4254579,0.6985165,-1.4507303,-0.70373476,0.8713369,0.4030658,0.31705934,-0.678463,0.12361293,0.42401296,-0.9135297,-0.023713944,-0.24905539,-0.08946165,-0.1259636,0.24520566,-0.64882314,0.70405716,-0.2318045,1.6397879,-0.9627143,-0.82074165,0.056547865,0.11708531,-0.7375,1.1557678,0.02306169,0.14624828,0.17327616,0.6830134,-0.5136336,-0.23384611,0.029898826,-0.1879738,0.6424432,0.19342974,-0.10117677,-1.3215193,0.8511808,1.32586,0.1902436,-0.3452169,-0.0709089,0.42997977,-0.25911573,-0.45936176,0.5908876,-0.642119,-0.06864976
159,0.45235962,-0.5406046,0.34734014,0.94587106,0.039040398,-0.48167607,-0.20639637,0.43160903,-0.12609679,-0.13885951,0.13044141,0.942916,-0.94788784,0.9224294,0.36030287,0.7410232,-0.6436131,0.039053697,0.113218784,-0.38995725,-0.51993465,-0.11839828,0.5378846,-0.4773505,-0.06808674,-0.10841634,0.0305265,0.78290105,0.38884386,-0.38202384,-0.66717386,0.33117637,0.6422364,-0.9207914,0.3207039,0.6794336,-0.11989393,0.7197425,0.11785611,0.16524449,-1.1432146,-0.8287775,0.030891562,0.6359079,0.09542714,0.65159506,-0.84265304,-1.0378575,0.430183,0.43037602,0.0788975,-0.50132805,0.40067855,0.21194471,-0.031724714,-0.0025379816,0.5682545,-0.7875669,-1.2870862,0.06793831,-1.0212355,0.6811506,-0.23853128,-0.20852949,0.7522288,-0.061041463,-0.6373992,0.38032684,0.17007865,0.52741677,-0.9002637,-0.42550147,-0.49766606,0.6579551,0.5282412,0.01187826,-1.1890242,-0.3093719,-0.8121143,1.0988117,-0.3972192,0.016507536,-0.29943737,0.6591139,0.80267334,-0.3116256,0.117556855,0.46415493,-0.011333251,-0.5345039,0.9309344,-0.7719427,0.11733174,0.62462616,0.08246352,-0.35506904,0.43957904,0.66429985,0.3071256,-0.099564925,-0.6397693,0.34299126,0.29556423,0.19170333,0.9483498,-1.080326,0.79757535,-0.047630467,-0.95405,-1.1663316,-0.34707332,-0.32257092,0.5584254,-0.37602472,-0.27415368,1.2204888,0.55448145,0.2881786,-0.7340252,0.72980994,-1.0008898,-0.766953,-0.35706407,0.5152106,-0.25774008,0.067530654,-0.55571306,-0.38464427
160,-0.07728429,0.8145259,-0.09071913,0.25048676,-0.59464705,0.011184106,0.056304973,-0.83426267,-0.07383563,0.04396507,0.13536404,0.56154627,-1.5429147,0.5977954,-0.011901657,-0.3321482,-0.26952636,0.16826095,-0.4837034,-0.94009745,-0.60181564,0.34261516,-0.49845144,-0.46890646,0.4591394,0.45863363,0.6541899,-1.5679342,0.33223584,0.02644887,0.04213898,-0.58948165,0.0844271,-0.43926755,-0.71503454,0.48430035,0.7139629,0.39549342,0.46917996,0.13487668,0.40938932,-0.9040485,0.33227947,1.2152905,0.22232877,-0.5252529,-0.6077326,0.29267478,1.078024,-0.38469946,0.49390656,0.4801182,-0.7173645,-1.2238249,0.72346026,0.48522937,0.057104338,-0.6310641,-0.7136016,0.86058974,-0.6555264,-0.3927338,1.0683129,0.6012697,0.48656553,-0.5053459,-0.3311917,-0.72638977,0.8929945,0.02822622,-1.6731195,0.60789984,-0.22781911,0.29856798,0.33393744,0.5207091,-0.96749794,0.447526,0.7843581,0.5941,0.19347467,-0.8787015,-1.206328,-0.5561621,0.99669015,-0.29079562,0.28962308,-1.0053047,-0.5681553,0.33433688,0.93885106,-0.57783854,0.032016363,0.8535823,-0.29564846,0.32908782,0.54948366,-0.0027684446,0.41879514,-0.71288335,0.2553287,-0.36241856,-0.97612154,0.39523643,0.30781275,0.003974514,0.46925712,-0.61934686,-0.5597036,-0.79514486,-0.09542293,-0.3590875,0.5805174,-0.2847959,0.6858328,0.09131754,0.22290286,0.587796,0.07523763,0.40319106,-1.7161572,-0.35465816,0.5582523,0.563241,0.23074031,-0.30081645,1.0873735,-0.66071916
161,0.30241364,0.5295418,0.044618424,0.7373914,-0.45277554,-0.08318338,-0.7408965,-0.12305425,-0.28401512,0.24677177,0.9086952,0.7803127,-0.89550555,-0.5037898,-0.38957685,-0.14304513,-0.65335125,0.6239463,-0.17197102,-0.92426944,-0.25351784,-0.26021096,0.3051586,-0.72828484,0.5520391,0.13933304,0.56451535,0.14783098,-0.85722417,-0.47269836,0.3107645,-0.40939447,0.912283,0.045500584,-0.6925267,1.3865873,-0.41199252,-0.4754119,-0.52125466,0.54017156,-0.8263068,-0.19885226,-0.1861501,0.09182144,-0.010616469,-0.009014546,-0.30078262,-0.6417127,0.33984166,0.7057016,0.31965682,-0.36535802,1.0182915,-0.27331686,-1.2280712,0.7403294,0.9030002,-0.049905855,-0.4745631,0.39726993,-1.2396107,0.28262004,1.1426878,0.4476445,0.06619309,0.80370665,0.5194738,-0.091985464,0.14200914,-0.7090944,-0.86035943,-0.2582798,-0.35121742,0.31645635,0.3127041,0.3455879,0.3646917,-0.11378891,-1.4414794,0.86061025,0.3034905,-1.7300835,-0.7332967,-0.17111678,-1.0828644,1.1191095,1.0005366,0.13063504,-0.4532141,0.018777186,-0.5769176,-1.4707601,1.0072191,0.9459892,0.10394352,0.4329707,0.4785845,-0.69478416,1.0725828,-0.6338667,0.16575497,0.5426549,-0.6914288,-0.0024620485,-0.60203093,-0.8241387,0.121327184,-0.18710163,-0.38207823,-0.24638516,0.19293898,-0.98585653,0.072135374,0.14984089,0.60862076,0.7317264,-0.21375138,0.38847765,0.36232817,0.70721775,-0.2957844,0.33994037,0.05206127,-0.022812648,0.90160286,0.62445325,0.2706464,-0.30429202
162,-0.23834532,-0.4586959,0.13353676,-0.23107137,-0.3443429,0.2815913,0.5696095,0.017044298,1.0243906,-0.65628105,0.31845745,0.02536447,0.5212785,0.59658504,-0.7966923,0.18082131,-0.39060026,-0.22653294,-0.64730924,-0.9292216,-0.048018083,0.14485182,-0.13556919,-0.38306022,0.1260008,0.12600817,0.019091688,-0.81688315,-0.12884371,-0.39901185,0.37090036,-0.2717883,0.5579484,-0.24071978,-1.2240963,1.0700057,0.20126186,-0.3083118,0.5225785,0.2312191,0.4711415,-0.93062,0.4172694,0.5944199,0.8458999,0.096178494,-1.1174674,-0.99000716,-0.24872269,-0.034107883,0.31745663,0.0738043,-0.09377988,-0.18073699,0.7433454,0.16881166,0.7608033,0.6579051,-0.8036942,0.5551064,-0.7521911,0.08874918,0.69319725,-0.09717743,1.3545471,0.24873847,0.48078775,0.25662977,0.061210014,-0.24830331,0.34688035,-0.13137104,0.099616155,-0.42209002,0.7490291,0.25165135,-0.52124316,-0.34945664,-0.3691158,1.0394598,0.0014336086,0.0672151,-0.9213978,0.4833808,0.13286659,0.667638,0.1761972,0.6629081,-0.23011929,-0.23553841,-0.7515569,-0.09132227,-0.63387245,0.41658553,-0.69810885,0.28571603,0.60883445,0.5725252,0.36343583,-0.37796307,-0.3640262,-0.45643556,-0.5531329,-0.15349036,-0.9283718,-0.502331,0.9806523,-0.9512401,0.011425414,0.20276141,1.1838218,-1.0945749,-0.07064439,0.8608647,-0.21702701,1.413963,-0.8710511,0.54841053,0.65421605,0.8409836,-0.402221,-0.46532282,-0.68295264,0.24940616,-0.6655351,0.109721914,-0.597773,0.30803144
163,0.90497816,0.058115195,-0.47356343,0.93872696,-1.1096919,-1.0656579,1.113381,-0.15621841,-0.33969203,1.1834642,-0.24611005,0.44136223,-0.1630355,0.6730398,-1.1891276,1.0204995,0.29910758,-0.45743197,0.03896104,0.3024267,-0.025897382,-0.9184028,-0.03436086,-0.25826693,0.009453604,-0.38172674,1.3092229,0.6283524,-0.86996716,-0.7663898,-0.2921752,-0.023822447,0.42431632,-0.117856555,-0.6831069,1.0279859,-0.08344717,-0.6146061,0.38647625,0.09700022,0.014318231,-0.7099856,-0.4224133,0.06234987,0.24786718,-0.06590746,0.03533973,-0.035920274,-0.36022332,-0.32746655,-0.72044057,0.656534,1.0216088,-0.4407714,0.04279222,0.49052042,-0.33493415,-0.19718605,0.10787393,0.44368976,-0.18918325,0.042584293,1.1765358,0.910517,0.24828161,-0.5857493,0.96210635,0.2155408,0.36177313,0.09573402,-0.8427921,0.5872178,0.98953444,-0.037581693,-0.20694494,-0.8339762,0.0032605494,0.4917112,0.59839773,-0.14949112,-0.016375737,-1.1840233,0.64900726,0.72676677,0.3350223,0.115984306,-0.5878178,0.4472679,0.45946744,-0.4221467,0.069236875,-0.5520873,-0.29941213,0.9814363,-0.08752863,-1.1091979,-0.7402128,0.16240421,0.96977997,-0.0088377185,0.055154312,0.01683812,0.3095769,-1.0567777,0.605385,-0.16528015,0.6756504,-0.4837641,0.7615125,-0.22275051,0.24421392,0.9957143,0.0472688,-0.15959015,0.000977663,-0.015356049,-1.777339,-0.19629934,1.1864499,-0.5867093,-0.048122644,-0.6152744,0.7586621,0.34853557,-0.50161964,0.054351054,0.99149966,-0.25646216
164,-0.49917054,-0.054166287,-1.3420314,-0.21158186,-0.49194568,0.9472842,0.8401633,-0.42410383,0.5708917,0.14570154,0.59600437,0.7053466,-1.3540348,0.88041955,-0.03671089,-0.024733517,0.20685145,-0.45786792,0.4350254,-0.5086486,0.639111,-1.0846046,0.3909434,-1.3694556,-0.110983305,-0.04354089,0.20389412,0.45188302,-0.6522054,-0.9931188,-0.4553165,0.11796279,0.48722225,-0.3796531,-0.81224126,1.5709522,-1.039983,0.11029582,-0.6421079,0.5983018,-0.07544386,-0.27165565,0.56389236,1.4583904,0.56122154,0.5699011,-0.6891888,-0.928882,0.42470518,0.20984374,0.2930135,-0.2281436,-0.40205517,-0.30660212,0.0879897,-0.57693887,0.08936233,-0.34366333,-0.2942328,0.44885263,-0.19915524,-0.003154649,0.18685919,0.99869233,0.19727495,0.23688638,0.30782264,0.7978191,0.7013723,-0.25173548,0.2535972,-0.5505642,1.0619967,-0.46380484,0.059248988,-0.689699,0.10286616,0.25495127,-0.7276274,1.5590622,0.4559834,-0.092396244,-0.9732409,0.8242164,-0.028897298,-0.50853544,0.45963952,0.35508594,0.93092036,0.5454402,0.14679068,-0.8840735,0.6446992,0.6344654,-0.30425057,-0.5532942,0.04085844,0.39372143,0.13927858,-0.20276642,0.4812781,-0.19927615,-1.2253973,-0.35105813,0.32999814,0.06440755,0.17550667,-0.46753827,-0.6444038,-0.098190494,-0.013682997,0.10877212,-0.3082217,0.32968405,-0.41872266,1.028661,0.2700258,0.40751725,0.3688704,-0.7122682,-0.2027953,0.6311702,0.10361097,-1.0792072,-1.0485955,-0.13633531,-0.41498658,-0.73884726
165,-0.036229063,0.65374404,-1.3415731,0.17983663,0.22470348,-0.97628635,0.23091482,-0.30408043,-0.750253,-0.24667345,-0.69649786,-0.12963863,-1.0351409,1.3391337,0.52756166,-0.3655772,-0.44047916,-0.025421428,0.003687501,-0.073438115,-0.26882148,-0.3538883,-0.21166043,-0.013098954,0.12462532,0.23813282,-0.7997989,0.14807259,-0.27262774,0.21648042,0.25937167,-0.34069192,0.1068631,-0.23793922,-0.34809893,0.21732466,-0.6847758,-0.5788919,-0.07404148,-0.5138165,-0.9861148,-0.549741,0.27947378,1.109194,0.84796375,0.4461751,-0.12846653,-0.17986478,-0.6499897,0.35905212,-0.13205674,0.33431834,-0.32398856,-0.19306147,-0.44860855,-0.09141325,0.20623648,0.34181762,-0.008136316,0.36037752,0.6084885,0.93626404,0.63584113,0.9582777,-0.47942424,0.6879472,-0.7134314,-0.36367354,0.42190558,-0.2826181,0.5875522,-0.51363605,0.23450826,0.13308936,-0.04472058,-0.9425949,0.26226225,0.22512014,-0.058179513,0.43587747,0.62051415,-0.3892352,-1.0976361,0.4434711,0.45610252,0.4460576,-0.24602057,0.4942822,-0.6030241,-0.29418677,1.2193115,-0.1346011,0.6125868,1.1542333,0.18147303,0.0015998087,0.67494047,-0.3564617,0.69004905,-0.19624414,-0.46673203,-0.54449165,-0.6726385,0.82323486,0.084212005,-0.1609261,1.2054465,-0.5427018,-0.44563547,-0.038486432,0.5873415,0.12938094,-0.21180835,-0.6483142,-0.7626145,0.0076166433,-1.3119076,-0.17813864,0.85742456,0.23114423,0.19424404,-0.60071546,-0.2337852,1.1427653,-0.26255807,0.32031,-0.89882696,0.121022046
166,-0.042321723,-0.17036828,-1.0215094,-0.632036,-0.01455452,0.30672386,0.4133839,-0.77307785,0.18255189,-0.254497,-0.77226627,1.064538,-0.6921212,0.6251649,-0.099823706,0.16559353,0.3728026,-0.18167806,-0.4903202,-0.61016864,-0.099040285,-0.0135806175,-0.8045945,-0.22831835,-0.6098507,0.6090116,-0.46823984,-0.14232543,-1.0230705,0.49442902,0.36962396,-0.21464725,0.40000567,0.090279244,-0.2244412,-0.29896086,-0.5401424,-0.4780861,-0.48653966,0.2114822,-0.943436,0.03264862,-0.22933635,0.35009784,0.07738388,-0.06833324,0.31729123,-0.38292146,-0.46847436,-0.22111481,-0.43033856,0.47253495,0.27542105,-0.76062787,-0.1677311,0.48796326,0.76140785,0.48785383,-0.8422695,0.4355757,0.42759886,1.2064149,0.774323,0.26681638,-0.052296657,-0.3967561,-0.8209656,0.5619972,0.16184615,-0.37072453,0.3360245,-0.40931967,0.019868502,-0.1865484,-0.32240957,-0.84055537,-0.2786509,0.38470417,-0.35573718,-0.3130248,-0.5941927,-0.18742666,-0.24645796,0.40814117,0.2864367,0.6378109,0.13300648,0.88765955,0.63954717,-0.14714962,0.8089238,-0.83260006,0.32529092,-0.17702146,0.57645184,0.62605006,0.40034568,-0.024653649,1.1228852,-1.0469452,0.055522185,-0.24449465,-0.7504893,-0.047465574,0.5568729,-0.033605676,0.122543104,-0.10046357,-0.24682136,0.1670493,0.27793953,0.05349945,0.2721423,0.594233,-0.36758202,0.8350035,-0.9824871,0.87086564,-0.19382794,-0.44562814,-0.4291732,-0.7108152,0.38121474,0.38981476,0.23998588,0.24378707,-0.32608604,-0.09265142
167,0.24660002,-0.5037429,-0.86048615,-0.9884669,0.2635375,0.1548594,1.0297741,-0.841059,-0.45323795,-0.11567314,-0.1572439,0.13761772,-0.23676357,0.93751574,0.034958426,-0.59005105,-0.65963286,-0.38424107,-0.014038017,-0.09022805,-0.29950467,-0.23951346,-0.20535731,-0.024911009,0.33801743,0.26395413,0.36667895,0.7860784,-0.45307413,-0.36367932,-0.22595865,-0.46435955,0.038162798,-0.49420887,-0.14346072,-0.06875695,-0.8931615,-0.22409898,0.11626741,0.35235474,-0.18484719,-0.6977469,0.35972714,0.62971985,-0.31154615,0.16723174,0.43013468,0.45418003,-0.36159635,0.34073442,-0.0434906,0.46485797,0.6731048,-0.3935935,-0.23494095,-0.20312001,0.29003838,0.4606945,0.15354048,-0.34133407,0.14144206,0.46782717,1.1026334,0.9859875,-0.29464868,0.29319996,-0.32895744,-0.047067545,0.42993185,0.13984023,0.8181822,-0.47004017,0.6299444,0.05426175,-0.11753753,-0.99911016,-1.2055626,1.1368419,-0.22801109,0.7482252,-0.60144883,-0.8289927,-0.5346072,-0.14310226,0.67979056,-0.080338046,-0.60425335,0.9701813,0.6201734,-0.1428976,0.07671953,-0.28433916,0.36929283,0.14000963,-0.8486826,0.22765844,0.15771364,-0.33802378,0.55657154,-0.38186726,-0.07008479,-0.12506053,-0.98287904,-0.041409004,0.8553656,-0.5820612,0.6826855,-1.2446306,-0.41440386,-0.30100763,-0.0016896003,-0.00079318805,0.02643226,0.0081244875,-0.26664397,-0.18715349,0.19172041,0.6867971,0.72528154,-0.8041944,-0.25858557,-1.2735832,0.015279174,0.37301368,0.17500252,0.7706032,-0.624519,-0.65576416
168,0.12260183,0.047872312,-0.7824772,0.08954622,0.5889951,-0.13743179,1.1612902,-0.15609479,0.16132459,-0.82856685,-0.5124299,0.044202454,0.2326649,0.5781829,0.24729112,-0.68123114,0.19608155,0.20861976,0.096563265,-0.9168763,0.21666847,0.15193276,0.16635221,0.2609867,0.60495067,-0.33660296,-0.055053204,-0.4954705,-0.4656823,0.38617316,-0.3060371,-0.5720284,0.6066839,-0.25408483,-0.85096854,0.31951073,-0.48073316,0.6828307,-0.12071923,0.03307936,-0.9436712,-0.4875131,0.0907108,0.81121534,0.23455483,0.06657004,0.35552529,-0.078972675,-0.22773528,0.13241482,-0.70631427,0.90499026,0.9051581,-0.32567766,-0.40632173,-0.053743474,0.88542503,0.24090655,0.027186573,-0.20932458,0.98151433,0.6261299,0.8184038,0.57690006,0.724944,0.5798256,-1.0347914,-0.14774391,0.78912944,-0.7034252,0.29957741,0.26159298,0.67341745,0.31151542,0.21345815,-0.3769555,-1.0947243,0.07870116,0.124687105,0.28275254,-0.54347986,-0.5277339,-0.06340261,0.35192707,0.30381024,0.40202036,-0.43431422,0.6671701,-0.29067904,-0.26718825,-0.20113952,-0.85811734,0.6518388,0.93122417,0.43097034,0.9067936,0.5001928,0.10389602,0.7719707,-0.25932997,0.2543282,-0.34402442,-0.199087,-0.6780237,0.6905692,-0.17284761,0.18499419,-0.20893095,-0.53171587,0.5048583,-0.09691884,0.45018548,0.32989535,0.50958186,-0.5097312,0.09531452,-0.7934733,1.0602362,0.6456991,0.012494853,-0.009280924,-0.48549628,1.2054572,0.12330008,-0.18562308,0.62098414,-0.17744792,0.34320977
169,0.0006863394,-0.12296414,-0.34995028,0.051151447,0.028325876,0.2949102,-0.08343144,0.07527567,-0.22383612,-0.6487826,-0.48600343,-0.26952046,-0.77586126,0.5446707,-0.40327922,0.36606985,0.14045003,-0.354222,0.39521417,-0.11477534,-0.5681819,-0.704208,-0.31156307,0.83293194,0.13517018,-0.15859884,-0.38658422,0.01619923,0.05228603,-0.14149106,-0.3273263,0.09993212,0.01246365,0.57654166,-0.4687636,0.76872945,-1.2417122,-0.49167776,0.024190119,0.11018245,-0.6355829,-0.8995759,0.5080604,0.8145869,-0.2722276,-0.14384362,0.84790444,-0.2827342,-0.5524679,-0.043666966,-0.05299564,0.81693465,0.7509905,-0.56917596,-0.5807463,0.43492618,0.13567083,0.33227482,0.07319258,0.6078964,0.6108256,0.2700172,0.7278658,1.3465705,0.30441928,0.64381194,-0.48493427,-0.4393813,0.46897134,0.0802072,0.40575185,-0.57048243,0.20553117,0.33203948,-0.24324663,-1.2173098,-0.9672854,0.18644728,-0.12117989,0.26455027,-0.3385546,0.41890824,-0.89722145,0.28721568,0.83555543,0.51386136,0.39022887,1.0147331,0.4245855,-0.45973945,0.55606645,-1.0453278,0.14897937,0.3260482,0.17636622,-0.092974365,0.46348804,0.8108258,0.8170521,-0.3318541,-0.3081498,0.34986392,-0.58406144,0.31228083,0.37396228,0.424347,-0.20900755,-0.3675803,-0.30595216,0.2082374,0.02779995,0.26616693,0.57862836,0.96645015,-0.08868565,0.14596912,-1.169193,0.31315097,0.111548506,0.008682403,0.42862225,-0.6563345,-0.38093472,0.23109698,0.30552143,0.7495547,0.2810464,-0.3431605
170,0.6727726,-0.1590286,-1.0959773,0.6945508,-0.56715024,0.38648927,0.64775896,-0.7066736,-0.40756375,-0.12599428,-0.6038116,0.61269784,-0.74226403,0.6709068,-0.39751828,0.11994496,0.31584945,-1.1256083,-0.21816827,-0.70976305,0.050765205,-0.2943561,-0.21514283,-0.37131456,0.64530087,-0.13452904,-0.5226727,-0.17933968,-0.5799625,0.13191189,0.1774264,-0.3052737,0.0013271382,0.41007087,0.13435486,0.36588374,-0.9657438,-0.26435843,-0.6817951,-0.39834574,-0.50841606,-0.8215608,0.3776012,0.6802957,-0.23774306,-0.09820053,0.62555456,-0.0256376,-0.53524435,0.21263938,-0.2999205,0.14288472,-0.0006706673,-0.016417643,0.23088527,0.47820717,0.70153505,-0.25966683,-0.34951276,0.39149687,-0.33146426,-0.11583143,-0.068365164,0.83670413,-0.44360888,0.64545786,-0.27545792,-0.47183418,0.2643194,-0.47637227,-0.058495548,0.041609377,1.0781113,0.8520539,0.44570133,-0.41180095,-1.1045328,0.40000936,-0.6755322,-0.41448674,0.42832476,0.101463765,-0.19405085,0.27704665,1.130581,0.93890506,-0.44996718,0.73583823,0.29727346,-0.19850288,0.08749402,-0.19777489,0.4963141,0.8706908,0.30592832,-0.022327,0.82569313,-0.110089764,0.2486083,-0.056344334,-0.14468753,-0.39598736,-1.1279126,-0.117555134,0.7886467,-0.3421838,0.05506855,0.028736904,0.086941436,0.37152258,-0.34575573,0.06440882,0.16017707,0.5659605,0.28867993,0.031312354,-1.1579813,0.8141853,0.5416225,0.47933605,-0.32164162,-0.23951825,-0.28288114,0.27993837,0.5584528,0.6834963,-0.24041241,0.47214797
171,-0.0099796,-0.7588002,-0.582176,0.76346856,0.35643026,-0.15986294,0.09353319,-0.55300844,-0.20578025,0.073452346,-0.48888865,-0.16287176,0.19814797,1.2872999,0.4055487,0.2858713,0.0984027,0.07187993,0.32775676,0.05213835,-0.040483374,-0.09581311,-0.72396684,-0.17599407,-0.15650243,-0.13653849,0.456024,-0.3202349,-0.9200053,-0.15775909,0.35033947,-0.68814224,0.24402852,0.23751003,-0.5735225,0.3092672,-0.74815136,-0.33040518,0.2959323,-0.38859695,0.13302396,-0.06575364,0.77115345,1.0285277,-0.5869144,-0.1930351,0.47036806,0.35826334,-0.7763161,-0.44461232,-0.7583332,0.7702273,0.7756726,-0.2995353,-0.0706968,0.7464435,0.95071393,0.5017385,-0.020822901,-0.05763821,0.15525739,0.09077477,0.03372277,1.2879674,-0.6501549,-0.29963338,-0.19940327,-0.28137437,0.31847167,0.024664206,-0.43513528,-0.5478105,0.6097393,0.40327728,0.32752135,-0.33361465,-0.06620615,0.12543735,-0.48428467,0.07407794,-0.47813675,-0.32957017,-0.93379015,0.48357847,0.22753158,0.6927067,0.21036853,0.08369046,0.47740316,0.21490197,-0.06947759,-0.067453876,0.16872518,0.20184888,-0.029779825,0.45464268,-0.05018386,0.21230282,1.2532446,-0.78174216,-0.34434107,0.09991086,-1.174643,0.22961406,1.0169634,-0.5614206,-0.60571295,-0.24036595,-0.4438879,-0.4998256,0.006368356,0.68268526,0.05741932,0.43139797,-0.18365729,0.5808287,-1.4004201,0.28560433,0.40378502,0.42177427,-0.84811217,-0.54000807,0.58952695,1.0167658,-0.48185703,-0.005936841,-0.77597016,-0.53849363
172,-0.4150918,-0.040221035,-1.0316254,0.3256198,0.24397549,-0.18176995,0.024417467,-0.8183471,-0.44853452,-0.44439283,-0.21874788,0.30426812,-0.5950387,0.29993638,-0.18111806,-0.458272,-0.59832734,-0.6345482,-0.83178675,-0.26397884,-0.34709463,0.0596424,0.32038036,0.29435328,-0.6576607,-0.26824424,0.097645186,0.63236576,-0.38310274,0.46409318,-0.18673567,-0.3091032,0.549182,-0.35719952,-1.2853237,0.413642,-0.105059065,-0.5011351,-0.6069119,0.116301626,-1.3697824,-0.75579983,-0.007319177,0.55539334,-0.6925289,0.119006164,-0.26478863,0.41880322,-0.838196,-0.2413081,0.31326538,0.2394666,-0.06415472,-0.7134023,0.1949697,0.79808503,0.25513807,-0.3820472,-0.22259034,0.5764092,0.09023331,1.0707339,0.3758636,1.2012,0.35497016,0.52249944,-0.6612174,0.041310146,0.378861,0.55829555,0.32027552,-0.24825363,0.4447927,-0.032992024,0.3600984,-0.9775597,-0.27975458,0.61880237,0.48548532,-0.28373584,-1.109997,-0.47229847,-0.7279771,-0.19424382,0.04609477,0.69041723,-0.9953097,-0.41676915,0.19857314,-0.31353787,-0.4801732,-0.92119545,0.11186104,0.32944635,0.17164096,-0.07977254,0.56434506,-0.44473788,0.6357187,-0.7573278,0.05361611,0.5215813,-1.1203506,-0.011600738,0.9971612,-0.41351295,-0.25572455,-0.32852176,-0.11695513,-0.6220033,0.7543898,0.22743244,-0.32109317,0.630515,0.028716074,-0.110760584,-1.1161101,0.3571859,0.06515231,0.18059611,-0.6797857,-0.93684596,0.37595168,0.35425314,0.6759116,0.2850095,0.16983594,-0.39137402
173,0.21653487,-0.24869113,-0.19848253,0.43802437,0.68910885,-0.12426483,0.5443705,-0.70284075,-0.48055217,-0.19548552,-0.8247562,0.37829876,-0.67732114,0.7911781,-0.44825542,0.202345,7.893744e-05,-0.44213352,-0.17673193,-0.88278586,-0.21887964,-0.2983932,-0.605133,0.24887674,0.19890873,0.09260514,0.4536672,-0.07027544,0.31505027,0.4093132,0.17600444,-0.30653575,0.44014776,-0.5864752,-0.0066754,0.7311063,-0.64224654,0.18685383,-0.33855212,-0.26047572,-0.39233315,-0.35935533,0.33770236,1.1447604,-0.32345214,0.07470051,0.36660385,0.06420909,-1.0486323,-0.08254402,-0.15890363,-0.008819921,0.04064614,-0.2058629,-0.2380697,0.15395634,0.602506,0.7106324,0.22861229,0.67334867,-0.13803135,1.1262144,0.73667157,1.0139066,0.25703773,0.54398996,-0.3066589,-0.33504748,0.025582263,-0.2580213,0.25371864,-0.11791649,0.05255373,-0.18866172,0.5371309,-0.85479057,-1.148526,0.10163104,-0.24791001,-0.11945922,-0.5259987,-0.41609874,-0.791494,0.18989098,-0.3334392,0.758513,0.19932203,0.7220884,0.23912287,-0.5636936,0.31791815,-0.108025126,0.4492924,0.6224934,0.056228872,0.036835216,0.10028812,-0.17029123,0.28579018,-1.1247929,-0.48531076,0.08472599,0.15615954,0.53234863,0.9862044,-0.49114093,0.5130538,0.17254569,-0.5683593,-0.40088677,-0.20083922,-0.047079664,0.42083114,-0.10803984,-0.020381948,0.27834716,-0.69510573,0.60065466,-0.4942337,-0.32998514,0.08231146,-0.07206333,0.8114431,0.22257915,0.034297954,0.49564824,-0.7134455,-0.16979685
174,0.13166198,0.4012132,-1.0790845,0.50329167,0.72648454,-0.37518445,0.2996469,-0.16096859,0.24875209,0.15433328,-0.6101819,0.33553424,-0.5728705,0.78007555,-0.18967588,-0.31242347,0.1652292,-0.10175551,-0.115320034,-0.38183165,0.57192945,-0.28698713,-0.43082246,0.255012,-0.07212406,0.22270952,0.016555557,-0.5685668,-0.35873693,-0.18039413,0.055973087,-0.20983614,-0.08273132,0.34924182,-0.7319745,0.7670033,-0.54931027,-0.6110765,-0.28351286,-0.3637439,-0.3203211,-0.2827495,0.17566851,0.19785288,-0.32123688,0.104744755,0.5720712,-0.19406149,0.010350894,-0.21656844,0.19374003,0.55558836,0.5507025,0.3941652,-0.12403523,0.51354,1.1538198,-0.23819834,-0.37555394,0.5149985,-0.06608862,0.2680074,0.6045649,0.4105487,-0.08814547,0.60257375,0.3318818,-0.2048843,0.59283525,-0.068711035,0.2203838,-0.10926159,0.15100506,0.36175606,0.34714782,-0.85116374,-0.42119896,-0.32576102,-0.6053647,-0.23998065,-0.6319065,-0.17467465,-0.25620294,-0.19809811,0.7832693,0.12687585,-0.47973886,0.5251022,0.7711901,-0.37485072,0.597711,-1.3027958,0.5994876,0.8887408,-0.15772295,0.29841033,0.8310782,0.5117044,0.19117752,-0.5185779,-0.48125622,-0.43249676,-1.2547715,-0.19280244,0.68656546,-0.6951825,-0.18330173,-0.8456732,0.1976518,-0.4698553,-0.12400343,0.040920068,0.67024225,-0.31820738,-0.6025829,-0.545826,-0.5774408,1.6872143,0.4596543,-0.30590943,0.25195318,-0.78118134,0.31034136,0.0018982907,-0.013982847,0.30276823,-0.9941742,-0.6446987
175,-0.3346326,-0.46269453,-0.5373822,0.30373624,-0.18289775,-0.6249623,0.5641511,-0.1496605,-0.040700242,-0.6867752,-0.992446,0.18461931,-1.2305796,0.26976952,-0.66065115,-0.7129791,0.11511718,-0.57416207,0.35963625,-0.02739009,-0.025337908,-0.095223635,-0.35917747,0.30481502,0.17127262,0.27190465,-0.37463465,-0.15390994,-0.7258284,0.0675189,-0.0754391,-0.52031314,-0.14599696,-0.57366693,-0.7281179,0.055497423,0.059599504,0.00023299802,-0.38600904,-0.98612297,0.21902268,-0.49519172,-0.07666514,0.59490544,-0.46171454,0.8819724,0.061816543,-0.14229624,-0.2339246,-0.3194865,0.12407842,0.9307295,1.0044824,-0.17438807,-0.27565807,0.20888685,0.07639299,0.11515891,0.76060677,0.79734963,0.5558576,0.66820985,0.057545044,1.6188077,0.17235257,0.10675402,-0.49423882,0.3483487,-0.21625772,-0.5699922,0.11081791,-0.20260048,0.3764113,0.04001447,0.69522923,-0.8438174,-0.74964243,0.40768325,-0.1955824,-0.19543561,-0.0693459,-0.40939045,-1.2625381,0.054842997,0.67921305,1.0271688,0.15561388,0.31647828,0.8024636,0.1411422,0.43645966,-0.8210845,0.75189245,0.4590194,0.26924586,0.44090196,-0.018932194,-0.13995486,0.9239259,-0.7038402,0.11683105,0.055059798,-0.44024286,-0.26740423,0.09689402,-0.876112,0.28931904,-0.088179745,-0.29212835,0.17289375,-0.3077342,-0.29420853,0.42208475,-0.018846743,0.026756123,-0.34256417,-0.94795954,0.4243027,0.20482804,-0.14221239,-0.47856873,-0.13739328,0.0026570763,0.06805826,-3.3709446e-05,0.7357174,-0.5575293,-0.7381528
176,-0.0015172563,-0.3175603,-0.5800021,0.16099222,0.26966053,-0.5828408,0.5641462,-0.36327183,-0.016436275,-0.43444994,-0.9906654,-0.07359721,-0.8583322,1.1699344,0.0057747727,-0.40070343,-0.2739564,-0.6868385,-0.54233044,0.13817242,-0.0907071,0.3406079,-0.79543436,-0.020954056,-0.53361267,0.44409293,0.7530788,-0.69291276,-0.7161437,0.28943425,0.34874207,-0.17814729,-0.11218825,-0.5905017,0.019469393,0.11711634,-0.8656393,0.07835869,0.36158752,0.01639972,-0.37625602,0.11178095,-0.4450739,0.51619387,0.03814143,0.33796227,0.74667156,-0.7626575,-0.6736735,0.3314183,0.027341273,0.05116214,0.53895056,0.2731187,-0.6022227,-0.5111995,0.95708424,0.12465426,0.14585866,0.87653226,0.10480744,0.20934094,0.52891636,0.7860374,-0.05171431,0.19251122,-0.40322885,-0.64586854,-0.33557686,0.48544237,0.3297532,-0.6938503,0.08083924,-0.5069666,0.3805469,-0.9595334,-1.2395618,0.21560195,-0.6630166,0.2816137,-0.19834836,-0.24580716,-0.4321119,0.8891229,0.75945693,0.65800416,-1.0857234,0.39811853,-0.5807838,-0.44135708,-0.3329897,-0.77624834,-0.13238192,0.49973777,0.09002674,-0.15843493,0.2941296,-0.33937523,0.7988161,-0.12542342,0.20655756,-0.17461018,-1.0495397,-0.11732011,0.92555225,-0.09283078,-0.032124154,-0.8111124,-0.5054479,-0.28056946,0.16120271,0.47472075,-0.14694414,0.23750454,-0.09689175,0.50544876,-1.0960239,0.2160648,-0.15752257,-0.38372245,-0.74544203,0.012515314,0.8625481,0.0569843,-0.37518972,1.0681105,0.023486543,-0.028525978
177,0.48435238,-0.5982445,-1.0535836,0.7609749,0.7638513,-0.09119823,0.6886543,-0.61758536,0.45643744,-0.1246019,-1.2759844,0.19290105,-0.9362527,0.07859081,-0.44475615,-0.2732561,0.16101253,0.21811599,-0.021994153,-0.5852368,0.26908323,-0.5025264,-0.43335825,0.3101267,0.42050835,0.049928803,-0.17054038,-0.13158445,-0.336691,0.6244379,-0.40546605,0.041061033,0.5678888,-0.7238847,-0.06461197,0.061828166,-1.422203,-0.43193126,-0.0025920533,-0.4649962,-0.36381534,-0.38861638,-0.0690046,0.5865354,0.5235642,0.5444562,0.46095526,-0.053754024,0.05926765,-0.39514068,-0.411899,0.5715867,-0.13057566,-0.4280306,-0.14945243,0.56235737,1.1872239,-0.52935636,-0.13300851,0.21478853,0.5354038,0.091187775,-0.32464784,0.6033301,0.086994104,0.09993227,-0.809659,-0.5219661,0.017721042,-0.3774233,-0.052202504,0.01346895,0.32412034,-0.0881239,0.092681095,-1.0214459,-0.84454596,0.7146184,0.15590465,0.23722407,0.36664718,0.07436313,-0.22252032,-0.06262642,0.1148346,0.85018283,0.04457682,1.114005,0.4621945,-0.66919136,-0.069480695,-0.3983434,-0.14276934,0.22009464,0.0015678566,-0.04409888,0.1685856,-0.118931174,1.0771321,-0.50251216,0.108469605,-0.31668663,-1.0812547,0.13910791,1.1742789,-0.9231724,0.26757988,-0.056392297,0.25212553,-0.5514423,0.700914,0.13101701,0.1368363,0.42122328,-0.5648821,-0.16537382,-0.17654425,0.14663827,0.6810743,0.1531191,-0.674139,-0.3997083,0.14072014,-0.08756392,0.119160876,0.16216153,0.09747984,-0.5415941
178,0.31530836,-0.07542994,-0.44553533,0.27416182,0.73458475,0.18805678,0.24635863,-0.08682389,0.10530855,-0.7071424,-0.6772947,1.0230707,-0.8650208,0.35426345,-0.26805717,-0.55858797,0.20512056,0.031228537,0.24506278,-0.78056985,-0.28773832,0.03262942,-0.53125674,-0.23169121,-0.25727102,-0.30574444,0.17109434,0.5331921,-0.5918304,0.062170018,0.31758335,0.13988447,0.797586,0.3672507,-0.58053726,-0.010568033,-0.3367497,-0.6032067,-0.22990295,0.06595493,-0.6095623,-0.05382759,-0.08742917,0.8329911,-0.39818916,-0.026305439,-0.4173586,0.087196745,-1.0141884,0.30858046,-0.1298563,-0.1189224,0.46555203,-0.3607799,0.08515896,0.56471115,0.29282612,0.09411849,-0.44655603,0.32596675,0.3845359,0.55020624,0.34507537,1.5560591,-0.19339356,-0.003943635,-0.2494753,-0.32274875,0.800874,-0.030458536,-0.12191604,0.47495574,0.72199285,-0.102204286,0.5950588,-0.39715484,-0.98421746,-0.3335049,0.15583183,0.22015065,0.3900553,-0.19403698,-0.8464039,0.06897195,0.15953845,0.9291999,-0.14178385,1.1589284,-0.046137206,0.5731767,0.02486542,-0.08165417,0.08629251,0.09243415,0.47641212,-0.7209223,0.60308564,0.403403,0.80377555,-0.16521922,-0.16812506,-0.6610534,-0.494302,-0.099715054,0.9928459,-1.2959437,-0.50189406,-0.8617702,-0.08979024,0.23000363,-0.03429295,0.25064272,-0.13810188,-0.15823135,-0.94073445,0.39689618,-0.97939056,0.45404112,-0.12389954,-0.021540577,0.09369507,0.03911213,0.7913067,0.48515573,0.27597094,0.9188049,-0.7860825,-0.8805057
179,0.4336904,-0.31182504,-1.1849744,-0.041753065,0.17143814,0.29137257,0.76555294,-0.7295793,0.07448537,-0.24811748,-0.3783775,0.31466764,-0.6522108,0.5869787,0.11605875,0.147433,0.6336615,-0.11395066,0.21890199,-0.1962349,-0.13838097,-0.22686164,-0.65487295,0.02767867,0.19980818,0.55761355,-0.015249143,0.36107302,-0.23597553,-0.6397905,0.30441326,-0.16235259,0.19069004,-0.554653,-1.205083,0.25343993,-0.25169462,-0.45754474,0.021590302,0.29445133,-0.044046257,-0.56101584,0.7572581,0.49421608,0.27874598,-0.11238125,0.35072434,0.38925657,-0.3843241,-0.08948843,-0.518366,-0.20175172,0.9155503,-0.44299212,-0.81288236,0.18441246,0.2853969,0.20973761,-0.18694936,0.82561636,-0.5333956,0.5161234,1.0553107,1.1338588,0.6539155,0.83691955,-0.55735606,-0.60915303,-0.07240508,0.11851251,0.66068757,0.21013366,-0.2774772,-0.57133514,0.2548292,0.120626666,-0.5646192,0.19540165,-0.6296344,0.78542244,0.39908835,-0.2922629,-0.3562868,-0.15802053,0.19543277,0.9335635,-0.9176781,0.04023009,0.53583586,-0.6763565,0.32664406,-0.7690057,0.26576257,0.84207696,0.6067277,-0.0065509034,0.60110044,-0.46125302,0.058979943,-1.0981085,0.008228941,0.20869742,-0.7254752,0.25447437,0.778599,-0.29655126,0.45007512,0.25192425,-0.44759354,-0.47431102,-0.050518345,0.9706493,-0.051127613,0.48585147,-0.2003555,-0.03602098,-0.7959077,0.62374526,1.0067748,0.10932981,0.4294168,-0.25270402,0.8413959,0.26473254,-0.62099636,1.2710406,0.08227727,-0.83313113
180,0.055214822,0.09566426,-1.2919493,0.37262216,0.7144026,0.3594965,0.22064076,-0.25116804,0.019024417,-0.40080705,-0.28696343,-0.19171397,-0.31166863,0.7026051,-1.2213296,0.48896635,-0.58627796,-0.9224012,-0.0068325847,-0.595909,0.6946507,0.11505516,-0.7511076,-0.48619053,0.25216153,-0.1282387,0.38468158,-0.20950733,-0.9720831,0.64325935,-0.28213075,-0.62164485,0.5606293,0.11371559,0.3424946,0.70085174,-0.18708265,-0.7624318,-0.38960895,-0.06819694,-0.7782604,-0.46694002,-0.04313348,0.4228176,-0.024180723,0.6477319,0.009404099,0.3718036,-0.29259446,-0.44885927,0.29215226,0.73638296,0.6641371,-0.6220027,0.25935292,0.71696407,0.5202454,0.6278428,0.14976391,-0.12260225,0.13996926,-0.083242096,0.35842407,0.5691465,0.35757276,0.29919428,-0.7803217,-0.31399325,0.37065053,-0.4325673,-0.019436127,-0.044965398,0.21012382,0.12799661,0.91075337,-0.3566049,-1.1632379,0.03625844,-0.012009158,0.26170003,0.37280032,-0.24861218,-0.8048907,0.36253542,0.26564735,0.71765876,0.00979427,0.5815446,0.40605456,-0.5749454,0.52845746,-0.33604535,0.37979835,-0.13145584,0.60744023,-0.11255005,0.5583773,-0.7869788,0.2689952,-0.8067768,-0.3779794,-0.47677466,-0.53408015,0.64013773,0.78741235,-0.36432374,-0.4014792,-0.7361198,0.06960385,0.20229815,0.34381157,0.62972224,-0.17837328,0.26952976,0.0050965105,-0.6627381,-0.69869876,0.6638478,0.47582015,-0.77116996,-0.8468867,-0.8149892,0.22240275,0.16678861,-0.41059893,0.58457774,0.049535543,-0.21987699
